"TOA5","draker_prospector","CR1000","38934","CR1000.Std.25","CPU:prospector.CR1","13672","panelControl"
"TIMESTAMP","RECORD","pnl_control_modem_override","pnl_control_modem_disabled","pnl_control_heater_timer","pnl_control_daytime","pnl_control_sunrise","pnl_control_sunset","pnl_control_check_ntp","PortStatus","SW12Volts","Battery"
"TS","RN","Min","","","","","","","","",""
"","","Smp","Smp","Smp","Smp","Smp","Smp","Smp","Smp","Smp","Smp"
"2012-08-29 12:34:00",0,9,0,0,-1,-1,0,0,0,0,13.65122
"2012-08-29 12:35:00",1,8,0,0,-1,0,0,0,0,0,13.64575
"2012-08-29 12:36:00",2,7,0,0,-1,0,0,0,0,0,13.60745
"2012-08-30 17:37:00",0,9,0,0,0,0,0,0,0,0,13.5573
"2012-08-30 17:38:00",1,8,0,0,0,0,0,0,0,0,13.55183
"2012-08-30 17:39:00",2,7,0,0,-1,-1,0,0,0,0,13.55183
"2012-08-30 17:40:00",3,6,0,0,-1,0,0,0,0,0,13.57362
"2012-08-30 17:41:00",4,5,0,0,-1,0,0,0,0,0,13.574
"2012-08-30 17:42:00",5,4,0,0,-1,0,0,0,0,0,13.55745
"2012-08-30 17:43:00",6,3,0,0,-1,0,0,0,0,0,13.55186
"2012-08-30 17:44:00",7,2,0,0,-1,0,0,0,0,0,13.57364
"2012-08-30 17:45:00",8,1,0,0,-1,0,0,0,0,0,13.57364
"2012-08-30 17:46:00",9,0,0,0,-1,0,0,0,0,0,13.56262
"2012-08-30 17:47:00",10,0,0,0,-1,0,0,0,0,0,13.55162
"2012-08-30 17:48:00",11,0,0,0,-1,0,0,0,0,0,13.57345
"2012-08-30 17:49:00",12,0,0,0,-1,0,0,0,0,0,13.55154
"2012-08-30 17:50:00",13,0,0,0,-1,0,0,0,0,0,13.57885
"2012-08-30 17:51:00",14,0,0,0,-1,0,0,0,0,0,13.57885
"2012-08-30 17:52:00",15,0,0,0,-1,0,0,0,0,0,13.56789
"2012-08-30 17:53:00",16,0,0,0,-1,0,0,0,0,0,13.55693
"2012-08-30 17:54:00",17,0,0,0,-1,0,0,0,0,0,13.56785
"2012-08-30 17:55:00",18,0,0,0,-1,0,0,0,0,0,13.55143
"2012-08-30 17:56:00",19,0,0,0,-1,0,0,0,0,0,13.56783
"2012-08-30 17:57:00",20,0,0,0,-1,0,0,0,0,0,13.56783
"2012-08-30 17:58:00",21,0,0,0,-1,0,0,0,0,0,13.55141
"2012-08-30 17:59:00",22,0,0,0,-1,0,0,0,0,0,13.56781
"2012-08-30 18:00:00",23,0,0,0,-1,0,0,0,0,0,13.5514
"2012-08-30 18:01:00",24,0,0,0,-1,0,0,0,0,0,13.53499
"2012-08-30 18:02:00",25,0,0,0,-1,0,0,0,0,0,13.52952
"2012-08-30 18:03:00",26,0,0,0,-1,0,0,0,0,0,13.52952
"2012-08-30 18:04:00",27,0,0,0,-1,0,0,0,0,0,13.54045
"2012-08-30 18:05:00",28,0,0,0,-1,0,0,0,0,0,13.51311
"2012-08-30 18:06:00",29,0,0,0,-1,0,0,0,0,0,13.52404
"2012-08-30 18:07:00",30,0,0,0,-1,0,0,0,0,0,13.51857
"2012-08-30 18:08:00",31,0,0,0,-1,0,0,0,0,0,13.53498
"2012-08-30 18:09:00",32,0,0,0,-1,0,0,0,0,0,13.53498
"2012-08-30 18:10:00",33,0,0,0,-1,0,0,0,0,0,13.53498
"2012-08-30 18:11:00",34,0,0,0,-1,0,0,0,0,0,13.53498
"2012-08-30 18:12:00",35,0,0,0,-1,0,0,0,0,0,13.51857
"2012-08-30 18:13:00",36,0,0,0,-1,0,0,0,0,0,13.51857
"2012-08-30 18:14:00",37,0,0,0,-1,0,0,0,0,0,13.51857
"2012-08-30 18:15:00",38,0,0,0,-1,0,0,0,0,0,13.51857
"2012-08-30 18:16:00",39,0,0,0,-1,0,0,0,0,0,13.54044
"2012-08-30 18:17:00",40,0,0,0,-1,0,0,0,0,0,13.53498
"2012-08-30 18:18:00",41,0,0,0,-1,0,0,0,0,0,13.52951
"2012-08-30 18:19:00",42,0,0,0,-1,0,0,0,0,0,13.51857
"2012-08-30 18:20:00",43,0,0,0,-1,0,0,0,0,0,13.53498
"2012-08-30 18:21:00",44,0,0,0,-1,0,0,0,0,0,13.53498
"2012-08-30 18:22:00",45,0,0,0,-1,0,0,0,0,0,13.5131
"2012-08-30 18:23:00",46,0,0,0,-1,0,0,0,0,0,13.53498
"2012-08-30 18:24:00",47,0,0,0,-1,0,0,0,0,0,13.52404
"2012-08-30 18:25:00",48,0,0,0,-1,0,0,0,0,0,13.53498
"2012-08-30 18:26:00",49,0,0,0,-1,0,0,0,0,0,13.54044
"2012-08-30 18:27:00",50,0,0,0,-1,0,0,0,0,0,13.54044
"2012-08-30 18:28:00",51,0,0,0,-1,0,0,0,0,0,13.53498
"2012-08-30 18:29:00",52,0,0,0,-1,0,0,0,0,0,13.52951
"2012-08-30 18:30:00",53,0,0,0,-1,0,0,0,0,0,13.51857
"2012-08-30 18:31:00",54,0,0,0,-1,0,0,0,0,0,13.51857
"2012-08-30 18:32:00",55,0,0,0,-1,0,0,0,0,0,13.51857
"2012-08-30 18:33:00",56,0,0,0,-1,0,0,0,0,0,13.51857
"2012-08-30 18:34:00",57,0,0,0,-1,0,0,0,0,0,13.51857
"2012-08-30 18:35:00",58,0,0,0,-1,0,0,0,0,0,13.54044
"2012-08-30 18:36:00",59,0,0,0,-1,0,0,0,0,0,13.53498
"2012-08-30 18:37:00",60,0,0,0,-1,0,0,0,0,0,13.51857
"2012-08-30 18:38:00",61,0,0,0,-1,0,0,0,0,0,13.52404
"2012-08-30 18:39:00",62,0,0,0,-1,0,0,0,0,0,13.52404
"2012-08-30 18:40:00",63,0,0,0,-1,0,0,0,0,0,13.53498
"2012-08-30 18:41:00",64,0,0,0,-1,0,0,0,0,0,13.52404
"2012-08-30 18:42:00",65,0,0,0,-1,0,0,0,0,0,13.51857
"2012-08-30 18:43:00",66,0,0,0,-1,0,0,0,0,0,13.51811
"2012-08-30 18:44:00",67,0,0,0,-1,0,0,0,0,0,13.52322
"2012-08-30 18:45:00",68,0,0,0,-1,0,0,0,0,0,13.52322
"2012-08-30 18:46:00",69,0,0,0,-1,0,0,0,0,0,13.51199
"2012-08-30 18:47:00",70,0,0,0,-1,0,0,0,0,0,13.52315
"2012-08-30 18:48:00",71,0,0,0,-1,0,0,0,0,0,13.53426
"2012-08-30 18:49:00",72,0,0,0,-1,0,0,0,0,0,13.52347
"2012-08-30 18:50:00",73,0,0,0,-1,0,0,0,0,0,13.53953
"2012-08-30 18:51:00",74,0,0,0,-1,0,0,0,0,0,13.53953
"2012-08-30 18:52:00",75,0,0,0,-1,0,0,0,0,0,13.52285
"2012-08-30 18:53:00",76,0,0,0,-1,0,0,0,0,0,13.52264
"2012-08-30 18:54:00",77,0,0,0,-1,0,0,0,0,0,13.51699
"2012-08-30 18:55:00",78,0,0,0,-1,0,0,0,0,0,13.51685
"2012-08-30 18:56:00",79,0,0,0,-1,0,0,0,0,0,13.52768
"2012-08-30 18:57:00",80,0,0,0,-1,0,0,0,0,0,13.52768
"2012-08-30 18:58:00",81,0,0,0,-1,0,0,0,0,0,13.53853
"2012-08-30 18:59:00",82,0,0,0,-1,0,0,0,0,0,13.51111
"2012-08-30 19:00:00",83,0,0,0,-1,0,0,0,0,0,13.52199
"2012-08-30 19:01:00",84,0,0,0,-1,0,0,0,0,0,13.51648
"2012-08-30 19:02:00",85,0,0,0,-1,0,0,0,0,0,13.53285
"2012-08-30 19:03:00",86,0,0,0,-1,0,0,0,0,0,13.53285
"2012-08-30 19:04:00",87,0,0,0,-1,0,0,0,0,0,13.51641
"2012-08-30 19:05:00",88,0,0,0,-1,0,0,0,0,0,13.52732
"2012-08-30 19:06:00",89,0,0,0,-1,0,0,0,0,0,13.52184
"2012-08-30 19:07:00",90,0,0,0,-1,0,0,0,0,0,13.52182
"2012-08-30 19:08:00",91,0,0,0,-1,0,0,0,0,0,13.53275
"2012-08-30 19:09:00",92,0,0,0,-1,0,0,0,0,0,13.53275
"2012-08-30 19:10:00",93,0,0,0,-1,0,0,0,0,0,13.5218
"2012-08-30 19:11:00",94,0,0,0,-1,0,0,0,0,0,13.51633
"2012-08-30 19:12:00",95,0,0,0,-1,0,0,0,0,0,13.53819
"2012-08-30 19:13:00",96,0,0,0,-1,0,0,0,0,0,13.51085
"2012-08-30 19:14:00",97,0,0,0,-1,0,0,0,0,0,13.53818
"2012-08-30 19:15:00",98,0,0,0,-1,0,0,0,0,0,13.53818
"2012-08-30 19:16:00",99,0,0,0,-1,0,0,0,0,0,13.53271
"2012-08-30 19:17:00",100,0,0,0,-1,0,0,0,0,0,13.52177
"2012-08-30 19:18:00",101,0,0,0,-1,0,0,0,0,0,13.5163
"2012-08-30 19:19:00",102,0,0,0,-1,0,0,0,0,0,13.52177
"2012-08-30 19:20:00",103,0,0,0,-1,0,0,0,0,0,13.5163
"2012-08-30 19:21:00",104,0,0,0,-1,0,0,0,0,0,13.5163
"2012-08-30 19:22:00",105,0,0,0,-1,0,0,0,0,0,13.5163
"2012-08-30 19:23:00",106,0,0,0,-1,0,0,0,0,0,13.52724
"2012-08-30 19:24:00",107,0,0,0,-1,0,0,0,0,0,13.5327
"2012-08-30 19:25:00",108,0,0,0,-1,0,0,0,0,0,13.5163
"2012-08-30 19:26:00",109,0,0,0,-1,0,0,0,0,0,13.5163
"2012-08-30 19:27:00",110,0,0,0,-1,0,0,0,0,0,13.5163
"2012-08-30 19:28:00",111,0,0,0,-1,0,0,0,0,0,13.52177
"2012-08-30 19:29:00",112,0,0,0,-1,0,0,0,0,0,13.5327
"2012-08-30 19:30:00",113,0,0,0,-1,0,0,0,0,0,13.53817
"2012-08-30 19:31:00",114,0,0,0,-1,0,0,0,0,0,13.5163
"2012-08-30 19:32:00",115,0,0,0,-1,0,0,0,0,0,13.52724
"2012-08-30 19:33:00",116,0,0,0,-1,0,0,0,0,0,13.52724
"2012-08-30 19:34:00",117,0,0,0,-1,0,0,0,0,0,13.52177
"2012-08-30 19:35:00",118,0,0,0,-1,0,0,0,0,0,13.53817
"2012-08-30 19:36:00",119,0,0,0,-1,0,0,0,0,0,13.47803
"2012-08-30 19:37:00",120,0,0,0,-1,0,0,0,0,0,13.47803
"2012-08-30 19:38:00",121,0,0,0,-1,0,0,0,0,0,13.4999
"2012-08-30 19:39:00",122,0,0,0,-1,0,0,0,0,0,13.4999
"2012-08-30 19:40:00",123,0,0,0,-1,0,0,0,0,0,13.48349
"2012-08-30 19:41:00",124,0,0,0,-1,0,0,0,0,0,13.47803
"2012-08-30 19:42:00",125,0,0,0,-1,0,0,0,0,0,13.47803
"2012-08-30 19:43:00",126,0,0,0,-1,0,0,0,0,0,13.4999
"2012-08-30 19:44:00",127,0,0,0,-1,0,0,0,0,0,13.47803
"2012-08-30 19:45:00",128,0,0,0,-1,0,0,0,0,0,13.47803
"2012-08-30 19:46:00",129,0,0,0,-1,0,0,0,0,0,13.48896
"2012-08-30 19:47:00",130,0,0,0,-1,0,0,0,0,0,13.4999
"2012-08-30 19:48:00",131,0,0,0,-1,0,0,0,0,0,13.49443
"2012-08-30 19:49:00",132,0,0,0,-1,0,0,0,0,0,13.48304
"2012-08-30 19:50:00",133,0,0,0,-1,0,0,0,0,0,13.47766
"2012-08-30 19:51:00",134,0,0,0,-1,0,0,0,0,0,13.47766
"2012-08-30 19:52:00",135,0,0,0,-1,0,0,0,0,0,13.49961
"2012-08-30 19:53:00",136,0,0,0,-1,0,0,0,0,0,13.49419
"2012-08-30 19:54:00",137,0,0,0,-1,0,0,0,0,0,13.48285
"2012-08-30 19:55:00",138,0,0,0,-1,0,0,0,0,0,13.48845
"2012-08-30 19:56:00",139,0,0,0,-1,0,0,0,0,0,13.49402
"2012-08-30 19:57:00",140,0,0,0,-1,0,0,0,0,0,13.49402
"2012-08-30 19:58:00",141,0,0,0,-1,0,0,0,0,0,13.47724
"2012-08-30 19:59:00",142,0,0,0,-1,0,0,0,0,0,13.49927
"2012-08-30 20:00:00",143,0,0,0,-1,0,0,0,0,0,13.47752
"2012-08-30 20:01:00",144,0,0,0,-1,0,0,0,0,0,13.49403
"2012-08-30 20:02:00",145,0,0,0,-1,0,0,0,0,0,13.49411
"2012-08-30 20:03:00",146,0,0,0,-1,0,0,0,0,0,13.49411
"2012-08-30 20:04:00",147,0,0,0,-1,0,0,0,0,0,13.49918
"2012-08-30 20:05:00",148,0,0,0,-1,0,0,0,0,0,13.49386
"2012-08-30 20:06:00",149,0,0,0,-1,0,0,0,0,0,13.49352
"2012-08-30 20:07:00",150,0,0,0,-1,0,0,0,0,0,13.4773
"2012-08-30 20:08:00",151,0,0,0,-1,0,0,0,0,0,13.49384
"2012-08-30 20:09:00",152,0,0,0,-1,0,0,0,0,0,13.49384
"2012-08-30 20:10:00",153,0,0,0,-1,0,0,0,0,0,13.49897
"2012-08-30 20:11:00",154,0,0,0,-1,0,0,0,0,0,13.49916
"2012-08-30 20:12:00",155,0,0,0,-1,0,0,0,0,0,13.47744
"2012-08-30 20:13:00",156,0,0,0,-1,0,0,0,0,0,13.48849
"2012-08-30 20:14:00",157,0,0,0,-1,0,0,0,0,0,13.49906
"2012-08-30 20:15:00",158,0,0,0,-1,0,0,0,0,0,13.49906
"2012-08-30 20:16:00",159,0,0,0,-1,0,0,0,0,0,13.48283
"2012-08-30 20:17:00",160,0,0,0,-1,0,0,0,0,0,13.47704
"2012-08-30 20:18:00",161,0,0,0,-1,0,0,0,0,0,13.4991
"2012-08-30 20:19:00",162,0,0,0,-1,0,0,0,0,0,13.48787
"2012-08-30 20:20:00",163,0,0,0,-1,0,0,0,0,0,13.48809
"2012-08-30 20:21:00",164,0,0,0,-1,0,0,0,0,0,13.48809
"2012-08-30 20:22:00",165,0,0,0,-1,0,0,0,0,0,13.47733
"2012-08-30 20:23:00",166,0,0,0,-1,0,0,0,0,0,13.48795
"2012-08-30 20:24:00",167,0,0,0,-1,0,0,0,0,0,13.47722
"2012-08-30 20:25:00",168,0,0,0,-1,0,0,0,0,0,13.47692
"2012-08-30 20:26:00",169,0,0,0,-1,0,0,0,0,0,13.48808
"2012-08-30 20:27:00",170,0,0,0,-1,0,0,0,0,0,13.48808
"2012-08-30 20:28:00",171,0,0,0,-1,0,0,0,0,0,13.49919
"2012-08-30 20:29:00",172,0,0,0,-1,0,0,0,0,0,13.47746
"2012-08-30 20:30:00",173,0,0,0,-1,0,0,0,0,0,13.49352
"2012-08-30 20:31:00",174,0,0,0,-1,0,0,0,0,0,13.4773
"2012-08-30 20:32:00",175,0,0,0,-1,0,0,0,0,0,13.48838
"2012-08-30 20:33:00",176,0,0,0,-1,0,0,0,0,0,13.48838
"2012-08-30 20:34:00",177,0,0,0,-1,0,0,0,0,0,13.47711
"2012-08-30 20:35:00",178,0,0,0,-1,0,0,0,0,0,13.49916
"2012-08-30 20:36:00",179,0,0,0,-1,0,0,0,0,0,13.50477
"2012-08-30 20:37:00",180,0,0,0,-1,0,0,0,0,0,13.49942
"2012-08-30 20:38:00",181,0,0,0,-1,0,0,0,0,0,13.47765
"2012-08-30 20:39:00",182,0,0,0,-1,0,0,0,0,0,13.47765
"2012-08-30 20:40:00",183,0,0,0,-1,0,0,0,0,0,13.49412
"2012-08-30 20:41:00",184,0,0,0,-1,0,0,0,0,0,13.48325
"2012-08-30 20:42:00",185,0,0,0,-1,0,0,0,0,0,13.4997
"2012-08-30 20:43:00",186,0,0,0,-1,0,0,0,0,0,13.47741
"2012-08-30 20:44:00",187,0,0,0,-1,0,0,0,0,0,13.48847
"2012-08-30 20:45:00",188,0,0,0,-1,0,0,0,0,0,13.48847
"2012-08-30 20:46:00",189,0,0,0,-1,0,0,0,0,0,13.48857
"2012-08-30 20:47:00",190,0,0,0,-1,0,0,0,0,0,13.48318
"2012-08-30 20:48:00",191,0,0,0,-1,0,0,0,0,0,13.50511
"2012-08-30 20:49:00",192,0,0,0,-1,0,0,0,0,0,13.47782
"2012-08-30 20:50:00",193,0,0,0,-1,0,0,0,0,0,13.5052
"2012-08-30 20:51:00",194,0,0,0,-1,0,0,0,0,0,13.5052
"2012-08-30 20:52:00",195,0,0,0,-1,0,0,0,0,0,13.49977
"2012-08-30 20:53:00",196,0,0,0,-1,0,0,0,0,0,13.47792
"2012-08-30 20:54:00",197,0,0,0,-1,0,0,0,0,0,13.50528
"2012-08-30 20:55:00",198,0,0,0,-1,0,0,0,0,0,13.48889
"2012-08-30 20:56:00",199,0,0,0,-1,0,0,0,0,0,13.49984
"2012-08-30 20:57:00",200,0,0,0,-1,0,0,0,0,0,13.49984
"2012-08-30 20:58:00",201,0,0,0,-1,0,0,0,0,0,13.50532
"2012-08-30 20:59:00",202,0,0,0,-1,0,0,0,0,0,13.483
"2012-08-30 21:00:00",203,0,0,0,-1,0,0,0,0,0,13.49403
"2012-08-30 21:01:00",204,0,0,0,-1,0,0,0,0,0,13.49411
"2012-08-30 21:02:00",205,0,0,0,-1,0,0,0,0,0,13.47777
"2012-08-30 21:03:00",206,0,0,0,-1,0,0,0,0,0,13.47777
"2012-08-30 21:04:00",207,0,0,0,-1,0,0,0,0,0,13.49969
"2012-08-30 21:05:00",208,0,0,0,-1,0,0,0,0,0,13.4888
"2012-08-30 21:06:00",209,0,0,0,-1,0,0,0,0,0,13.4943
"2012-08-30 21:07:00",210,0,0,0,-1,0,0,0,0,0,13.48886
"2012-08-30 21:08:00",211,0,0,0,-1,0,0,0,0,0,13.48296
"2012-08-30 21:09:00",212,0,0,0,-1,0,0,0,0,0,13.48296
"2012-08-30 21:10:00",213,0,0,0,-1,0,0,0,0,0,13.48306
"2012-08-30 21:11:00",214,0,0,0,-1,0,0,0,0,0,13.48862
"2012-08-30 21:12:00",215,0,0,0,-1,0,0,0,0,0,13.48322
"2012-08-30 21:13:00",216,0,0,0,-1,0,0,0,0,0,13.4778
"2012-08-30 21:14:00",217,0,0,0,-1,0,0,0,0,0,13.49926
"2012-08-30 21:15:00",218,0,0,0,-1,0,0,0,0,0,13.49926
"2012-08-30 21:16:00",219,0,0,0,-1,0,0,0,0,0,13.48299
"2012-08-30 21:17:00",220,0,0,0,-1,0,0,0,0,0,13.48855
"2012-08-30 21:18:00",221,0,0,0,-1,0,0,0,0,0,13.48317
"2012-08-30 21:19:00",222,0,0,0,-1,0,0,0,0,0,13.47777
"2012-08-30 21:20:00",223,0,0,0,-1,0,0,0,0,0,13.48875
"2012-08-30 21:21:00",224,0,0,0,-1,0,0,0,0,0,13.48875
"2012-08-30 21:22:00",225,0,0,0,-1,0,0,0,0,0,13.48879
"2012-08-30 21:23:00",226,0,0,0,-1,0,0,0,0,0,13.49976
"2012-08-30 21:24:00",227,0,0,0,-1,0,0,0,0,0,13.48338
"2012-08-30 21:25:00",228,0,0,0,-1,0,0,0,0,0,13.47748
"2012-08-30 21:26:00",229,0,0,0,-1,0,0,0,0,0,13.49946
"2012-08-30 21:27:00",230,0,0,0,-1,0,0,0,0,0,13.49946
"2012-08-30 21:28:00",231,0,0,0,-1,0,0,0,0,0,13.48861
"2012-08-30 21:29:00",232,0,0,0,-1,0,0,0,0,0,13.47775
"2012-08-30 21:30:00",233,0,0,0,-1,0,0,0,0,0,13.48327
"2012-08-30 21:31:00",234,0,0,0,-1,0,0,0,0,0,13.48286
"2012-08-30 21:32:00",235,0,0,0,-1,0,0,0,0,0,13.5044
"2012-08-30 21:33:00",236,0,0,0,-1,0,0,0,0,0,13.5044
"2012-08-30 21:34:00",237,0,0,0,-1,0,0,0,0,0,13.50459
"2012-08-30 21:35:00",238,0,0,0,-1,0,0,0,0,0,13.48288
"2012-08-30 21:36:00",239,0,0,0,-1,0,0,0,0,0,13.48847
"2012-08-30 21:37:00",240,0,0,0,-1,0,0,0,0,0,13.4995
"2012-08-30 21:38:00",241,0,0,0,-1,0,0,0,0,0,13.48272
"2012-08-30 21:39:00",242,0,0,0,-1,0,0,0,0,0,13.48272
"2012-08-30 21:40:00",243,0,0,0,-1,0,0,0,0,0,13.49883
"2012-08-30 21:41:00",244,0,0,0,-1,0,0,0,0,0,13.50997
"2012-08-30 21:42:00",245,0,0,0,-1,0,0,0,0,0,13.48782
"2012-08-30 21:43:00",246,0,0,0,-1,0,0,0,0,0,13.49898
"2012-08-30 21:44:00",247,0,0,0,-1,0,0,0,0,0,13.48823
"2012-08-30 21:45:00",248,0,0,0,-1,0,0,0,0,0,13.48823
"2012-08-30 21:46:00",249,0,0,0,-1,0,0,0,0,0,13.51025
"2012-08-30 21:47:00",250,0,0,0,-1,0,0,0,0,0,13.48303
"2012-08-30 21:48:00",251,0,0,0,-1,0,0,0,0,0,13.50499
"2012-08-30 21:49:00",252,0,0,0,-1,0,0,0,0,0,13.48821
"2012-08-30 21:50:00",253,0,0,0,-1,0,0,0,0,0,13.50476
"2012-08-30 21:51:00",254,0,0,0,-1,0,0,0,0,0,13.50476
"2012-08-30 21:52:00",255,0,0,0,-1,0,0,0,0,0,13.48301
"2012-08-30 21:53:00",256,0,0,0,-1,0,0,0,0,0,13.50498
"2012-08-30 21:54:00",257,0,0,0,-1,0,0,0,0,0,13.48318
"2012-08-30 21:55:00",258,0,0,0,-1,0,0,0,0,0,13.52152
"2012-08-30 21:56:00",259,0,0,0,-1,0,0,0,0,0,13.52157
"2012-08-30 21:57:00",260,0,0,0,-1,0,0,0,0,0,13.52157
"2012-08-30 21:58:00",261,0,0,0,-1,0,0,0,0,0,13.54348
"2012-08-30 21:59:00",262,0,0,0,-1,0,0,0,0,0,13.53804
"2012-08-30 22:00:00",263,0,0,0,-1,0,0,0,0,0,13.54353
"2012-08-30 22:01:00",264,0,0,0,-1,0,0,0,0,0,13.53262
"2012-08-30 22:02:00",265,0,0,0,-1,0,0,0,0,0,13.5217
"2012-08-30 22:03:00",266,0,0,0,-1,0,0,0,0,0,13.5217
"2012-08-30 22:04:00",267,0,0,0,-1,0,0,0,0,0,13.54358
"2012-08-30 22:05:00",268,0,0,0,-1,0,0,0,0,0,13.52719
"2012-08-30 22:06:00",269,0,0,0,-1,0,0,0,0,0,13.53267
"2012-08-30 22:07:00",270,0,0,0,-1,0,0,0,0,0,13.52174
"2012-08-30 22:08:00",271,0,0,0,-1,0,0,0,0,0,13.53268
"2012-08-30 22:09:00",272,0,0,0,-1,0,0,0,0,0,13.53268
"2012-08-30 22:10:00",273,0,0,0,-1,0,0,0,0,0,13.52175
"2012-08-30 22:11:00",274,0,0,0,-1,0,0,0,0,0,13.52175
"2012-08-30 22:12:00",275,0,0,0,-1,0,0,0,0,0,13.53815
"2012-08-30 22:13:00",276,0,0,0,-1,0,0,0,0,0,13.53269
"2012-08-30 22:14:00",277,0,0,0,-1,0,0,0,0,0,13.52176
"2012-08-30 22:15:00",278,0,0,0,-1,0,0,0,0,0,13.52176
"2012-08-30 22:16:00",279,0,0,0,-1,0,0,0,0,0,13.52176
"2012-08-30 22:17:00",280,0,0,0,-1,0,0,0,0,0,13.53816
"2012-08-30 22:18:00",281,0,0,0,-1,0,0,0,0,0,13.41787
"2012-08-30 22:19:00",282,0,0,0,-1,0,0,0,0,0,13.4124
"2012-08-30 22:20:00",283,0,0,0,-1,0,0,0,0,0,13.4124
"2012-08-30 22:21:00",284,0,0,0,-1,0,0,0,0,0,13.4124
"2012-08-30 22:22:00",285,0,0,0,-1,0,0,0,0,0,13.43427
"2012-08-30 22:23:00",286,0,0,0,-1,0,0,0,0,0,13.43427
"2012-08-30 22:24:00",287,0,0,0,-1,0,0,0,0,0,13.42334
"2012-08-30 22:25:00",288,0,0,0,-1,0,0,0,0,0,13.40739
"2012-08-30 22:26:00",289,0,0,0,-1,0,0,0,0,0,13.38543
"2012-08-30 22:27:00",290,0,0,0,-1,0,0,0,0,0,13.38543
"2012-08-30 22:28:00",291,0,0,0,-1,0,0,0,0,0,13.36393
"2012-08-30 22:29:00",292,0,0,0,-1,0,0,0,0,0,13.33689
"2012-08-30 22:30:00",293,0,0,0,-1,0,0,0,0,0,13.29339
"2012-08-30 22:31:00",294,0,0,0,-1,0,0,0,0,0,13.26624
"2012-08-30 22:32:00",295,0,0,0,-1,0,0,0,0,0,13.23905
"2012-08-30 22:33:00",296,0,0,0,-1,0,0,0,0,0,13.23905
"2012-08-30 22:34:00",297,0,0,0,-1,0,0,0,0,0,13.20636
"2012-08-30 22:35:00",298,0,0,0,-1,0,0,0,0,0,13.19006
"2012-08-30 22:36:00",299,0,0,0,-1,0,0,0,0,0,13.1792
"2012-08-30 22:37:00",300,0,0,0,-1,0,0,0,0,0,13.16285
"2012-08-30 22:38:00",301,0,0,0,-1,0,0,0,0,0,13.1465
"2012-08-30 22:39:00",302,0,0,0,-1,0,0,0,0,0,13.1465
"2012-08-30 22:40:00",303,0,0,0,-1,0,0,0,0,0,13.14107
"2012-08-30 22:41:00",304,0,0,0,-1,0,0,0,0,0,13.13016
"2012-08-30 22:42:00",305,0,0,0,-1,0,0,0,0,0,13.13019
"2012-08-30 22:43:00",306,0,0,0,-1,0,0,0,0,0,13.11927
"2012-08-30 22:44:00",307,0,0,0,-1,0,0,0,0,0,13.11382
"2012-08-30 22:45:00",308,0,0,0,-1,0,0,0,0,0,13.11382
"2012-08-30 22:46:00",309,0,0,0,-1,0,0,0,0,0,13.10836
"2012-08-30 22:47:00",310,0,0,0,-1,0,0,0,0,0,13.09744
"2012-08-30 22:48:00",311,0,0,0,-1,0,0,0,0,0,13.06463
"2012-08-30 22:49:00",312,0,0,0,-1,0,0,0,0,0,13.08652
"2012-08-30 22:50:00",313,0,0,0,-1,0,0,0,0,0,13.09199
"2012-08-30 22:51:00",314,0,0,0,-1,0,0,0,0,0,13.09199
"2012-08-30 22:52:00",315,0,0,0,-1,0,0,0,0,0,13.08652
"2012-08-30 22:53:00",316,0,0,0,-1,0,0,0,0,0,13.08653
"2012-08-30 22:54:00",317,0,0,0,-1,0,0,0,0,0,13.08106
"2012-08-30 22:55:00",318,0,0,0,-1,0,0,0,0,0,13.08697
"2012-08-30 22:56:00",319,0,0,0,-1,0,0,0,0,0,13.08142
"2012-08-30 22:57:00",320,0,0,0,-1,0,0,0,0,0,13.08142
"2012-08-30 22:58:00",321,0,0,0,-1,0,0,0,0,0,13.07085
"2012-08-30 22:59:00",322,0,0,0,-1,0,0,0,0,0,13.07071
"2012-08-30 23:00:00",323,0,0,0,-1,0,0,0,0,0,13.07059
"2012-08-30 23:01:00",324,0,0,0,-1,0,0,0,0,0,13.0705
"2012-08-30 23:02:00",325,0,0,0,-1,0,0,0,0,0,13.06496
"2012-08-30 23:03:00",326,0,0,0,-1,0,0,0,0,0,13.06496
"2012-08-30 23:04:00",327,0,0,0,-1,0,0,0,0,0,13.05396
"2012-08-30 23:05:00",328,0,0,0,-1,0,0,0,0,0,13.04889
"2012-08-30 23:06:00",329,0,0,0,-1,0,0,0,0,0,13.04373
"2012-08-30 23:07:00",330,0,0,0,-1,0,0,0,0,0,13.04398
"2012-08-30 23:08:00",331,0,0,0,-1,0,0,0,0,0,13.04418
"2012-08-30 23:09:00",332,0,0,0,-1,0,0,0,0,0,13.04418
"2012-08-30 23:10:00",333,0,0,0,-1,0,0,0,0,0,13.04434
"2012-08-30 23:11:00",334,0,0,0,-1,0,0,0,0,0,13.04447
"2012-08-30 23:12:00",335,0,0,0,-1,0,0,0,0,0,13.0391
"2012-08-30 23:13:00",336,0,0,0,-1,0,0,0,0,0,13.03962
"2012-08-30 23:14:00",337,0,0,0,-1,0,0,0,0,0,13.0396
"2012-08-30 23:15:00",338,0,0,0,-1,0,0,0,0,0,13.0396
"2012-08-30 23:16:00",339,0,0,0,-1,0,0,0,0,0,13.03958
"2012-08-30 23:17:00",340,0,0,0,-1,0,0,0,0,0,13.03454
"2012-08-30 23:18:00",341,0,0,0,-1,0,0,0,0,0,13.013
"2012-08-30 23:19:00",342,0,0,0,-1,0,0,0,0,0,13.02377
"2012-08-30 23:20:00",343,0,0,0,-1,0,0,0,0,0,13.02954
"2012-08-30 23:21:00",344,0,0,0,-1,0,0,0,0,0,13.02954
"2012-08-30 23:22:00",345,0,0,0,-1,0,0,0,0,0,13.02979
"2012-08-30 23:23:00",346,0,0,0,-1,0,0,0,0,0,13.02451
"2012-08-30 23:24:00",347,0,0,0,-1,0,0,0,0,0,13.02467
"2012-08-30 23:25:00",348,0,0,0,-1,0,0,0,0,0,13.02479
"2012-08-30 23:26:00",349,0,0,0,-1,0,0,0,0,0,13.02489
"2012-08-30 23:27:00",350,0,0,0,-1,0,0,0,0,0,13.02489
"2012-08-30 23:28:00",351,0,0,0,-1,0,0,0,0,0,13.02497
"2012-08-30 23:29:00",352,0,0,0,-1,0,0,0,0,0,13.01957
"2012-08-30 23:30:00",353,0,0,60,0,0,-1,-1,0,-1,13.01962
"2012-08-30 23:31:00",354,0,0,59,0,0,0,-1,0,-1,13.01966
"2012-08-30 23:32:00",355,0,-1,58,0,0,0,0,0,-1,12.85558
"2012-08-30 23:33:00",356,0,-1,57,0,0,0,0,-1,-1,12.85558
"2012-08-30 23:34:00",357,0,-1,56,0,0,0,0,-1,-1,12.81731
"2012-08-30 23:35:00",358,0,-1,55,0,0,0,0,-1,-1,12.83921
"2012-08-30 23:36:00",359,0,-1,54,0,0,0,0,-1,-1,12.83923
"2012-08-30 23:37:00",360,0,-1,53,0,0,0,0,-1,-1,12.83377
"2012-08-30 23:38:00",361,0,-1,52,0,0,0,0,-1,-1,12.83421
"2012-08-30 23:39:00",362,0,-1,51,0,0,0,0,-1,-1,12.83421
"2012-08-30 23:40:00",363,0,-1,50,0,0,0,0,-1,-1,12.83413
"2012-08-30 23:41:00",364,0,-1,49,0,0,0,0,-1,-1,12.82903
"2012-08-30 23:42:00",365,0,-1,48,0,0,0,0,-1,-1,12.82933
"2012-08-30 23:43:00",366,0,-1,47,0,0,0,0,-1,-1,12.82956
"2012-08-30 23:44:00",367,0,-1,46,0,0,0,0,-1,-1,12.82975
"2012-08-30 23:45:00",368,0,-1,45,0,0,0,0,-1,-1,12.82975
"2012-08-30 23:46:00",369,0,-1,44,0,0,0,0,-1,-1,12.82443
"2012-08-30 23:47:00",370,0,-1,43,0,0,0,0,-1,-1,12.82455
"2012-08-30 23:48:00",371,0,-1,42,0,0,0,0,-1,-1,12.82465
"2012-08-30 23:49:00",372,0,-1,41,0,0,0,0,-1,-1,12.81925
"2012-08-30 23:50:00",373,0,-1,40,0,0,0,0,-1,-1,12.81931
"2012-08-30 23:51:00",374,0,-1,39,0,0,0,0,-1,-1,12.81931
"2012-08-30 23:52:00",375,0,-1,38,0,0,0,0,-1,-1,12.81936
"2012-08-30 23:53:00",376,0,-1,37,0,0,0,0,-1,-1,12.8194
"2012-08-30 23:54:00",377,0,-1,36,0,0,0,0,-1,-1,12.81396
"2012-08-30 23:55:00",378,0,-1,35,0,0,0,0,-1,-1,12.81399
"2012-08-30 23:56:00",379,0,-1,34,0,0,0,0,-1,-1,12.80854
"2012-08-30 23:57:00",380,0,-1,33,0,0,0,0,-1,-1,12.80854
"2012-08-30 23:58:00",381,0,-1,32,0,0,0,0,-1,-1,12.80855
"2012-08-30 23:59:00",382,0,-1,31,0,0,0,0,-1,-1,12.80857
"2012-08-31 00:00:00",383,0,-1,30,0,0,0,0,-1,-1,12.80858
"2012-08-31 00:01:00",384,0,-1,29,0,0,0,0,-1,-1,12.80311
"2012-08-31 00:02:00",385,0,-1,28,0,0,0,0,-1,-1,12.80312
"2012-08-31 00:03:00",386,0,-1,27,0,0,0,0,-1,-1,12.80312
"2012-08-31 00:04:00",387,0,-1,26,0,0,0,0,-1,-1,12.79765
"2012-08-31 00:05:00",388,0,-1,25,0,0,0,0,-1,-1,12.79766
"2012-08-31 00:06:00",389,0,-1,24,0,0,0,0,-1,-1,12.79766
"2012-08-31 00:07:00",390,0,-1,23,0,0,0,0,-1,-1,12.79766
"2012-08-31 00:08:00",391,0,-1,22,0,0,0,0,-1,-1,12.7922
"2012-08-31 00:09:00",392,0,-1,21,0,0,0,0,-1,-1,12.7922
"2012-08-31 00:10:00",393,0,-1,20,0,0,0,0,-1,-1,12.78673
"2012-08-31 00:11:00",394,0,-1,19,0,0,0,0,-1,-1,12.78673
"2012-08-31 00:12:00",395,0,-1,18,0,0,0,0,-1,-1,12.78673
"2012-08-31 00:13:00",396,0,-1,17,0,0,0,0,-1,-1,12.78673
"2012-08-31 00:14:00",397,0,-1,16,0,0,0,0,-1,-1,12.78673
"2012-08-31 00:15:00",398,0,-1,15,0,0,0,0,-1,-1,12.78673
"2012-08-31 00:16:00",399,0,-1,14,0,0,0,0,-1,-1,12.78126
"2012-08-31 00:17:00",400,0,-1,13,0,0,0,0,-1,-1,12.78126
"2012-08-31 00:18:00",401,0,-1,12,0,0,0,0,-1,-1,12.77579
"2012-08-31 00:19:00",402,0,-1,11,0,0,0,0,-1,-1,12.77622
"2012-08-31 00:20:00",403,0,-1,10,0,0,0,0,-1,-1,12.77656
"2012-08-31 00:21:00",404,0,-1,9,0,0,0,0,-1,-1,12.77656
"2012-08-31 00:22:00",405,0,-1,8,0,0,0,0,-1,-1,12.77137
"2012-08-31 00:23:00",406,0,-1,7,0,0,0,0,-1,-1,12.77158
"2012-08-31 00:24:00",407,0,-1,6,0,0,0,0,-1,-1,12.77176
"2012-08-31 00:25:00",408,0,-1,5,0,0,0,0,-1,-1,12.76643
"2012-08-31 00:26:00",409,0,-1,4,0,0,0,0,-1,-1,12.76654
"2012-08-31 00:27:00",410,0,-1,3,0,0,0,0,-1,-1,12.76654
"2012-08-31 00:28:00",411,0,-1,2,0,0,0,0,-1,-1,12.76663
"2012-08-31 00:29:00",412,0,-1,1,0,0,0,0,-1,-1,12.76671
"2012-08-31 00:30:00",413,0,-1,0,0,0,0,0,-1,0,12.76129
"2012-08-31 00:31:00",414,0,-1,0,0,0,0,0,-1,0,12.76134
"2012-08-31 00:32:00",415,0,-1,0,0,0,0,0,-1,0,12.90365
"2012-08-31 00:33:00",416,0,-1,0,0,0,0,0,-1,0,12.90365
"2012-08-31 00:34:00",417,0,-1,0,0,0,0,0,-1,0,12.94199
"2012-08-31 00:35:00",418,0,-1,0,0,0,0,0,-1,0,12.95296
"2012-08-31 00:36:00",419,0,-1,0,0,0,0,0,-1,0,12.96392
"2012-08-31 00:37:00",420,0,-1,0,0,0,0,0,-1,0,12.96394
"2012-08-31 00:38:00",421,0,-1,0,0,0,0,0,-1,0,12.96942
"2012-08-31 00:39:00",422,0,-1,0,0,0,0,0,-1,0,12.96942
"2012-08-31 00:40:00",423,0,-1,0,0,0,0,0,-1,0,12.96943
"2012-08-31 00:41:00",424,0,-1,0,0,0,0,0,-1,0,12.97491
"2012-08-31 00:42:00",425,0,-1,0,0,0,0,0,-1,0,12.97492
"2012-08-31 00:43:00",426,0,-1,0,0,0,0,0,-1,0,12.97492
"2012-08-31 00:44:00",427,0,-1,0,0,0,0,0,-1,0,12.97493
"2012-08-31 00:45:00",428,0,-1,0,0,0,0,0,-1,0,12.97493
"2012-08-31 00:46:00",429,0,-1,0,0,0,0,0,-1,0,12.97493
"2012-08-31 00:47:00",430,0,-1,0,0,0,0,0,-1,0,12.97493
"2012-08-31 00:48:00",431,0,-1,0,0,0,0,0,-1,0,12.97493
"2012-08-31 00:49:00",432,0,-1,0,0,0,0,0,-1,0,12.97494
"2012-08-31 00:50:00",433,0,-1,0,0,0,0,0,-1,0,12.97494
"2012-08-31 00:51:00",434,0,-1,0,0,0,0,0,-1,0,12.97494
"2012-08-31 00:52:00",435,0,-1,0,0,0,0,0,-1,0,12.97494
"2012-08-31 00:53:00",436,0,-1,0,0,0,0,0,-1,0,12.97494
"2012-08-31 00:54:00",437,0,-1,0,0,0,0,0,-1,0,12.97494
"2012-08-31 00:55:00",438,0,-1,0,0,0,0,0,-1,0,12.97494
"2012-08-31 00:56:00",439,0,-1,0,0,0,0,0,-1,0,12.97494
"2012-08-31 00:57:00",440,0,-1,0,0,0,0,0,-1,0,12.97494
"2012-08-31 00:58:00",441,0,-1,0,0,0,0,0,-1,0,12.97494
"2012-08-31 00:59:00",442,0,-1,0,0,0,0,0,-1,0,12.96947
"2012-08-31 01:00:00",443,0,-1,0,0,0,0,0,-1,0,12.97494
"2012-08-31 01:01:00",444,0,-1,0,0,0,0,0,-1,0,12.96947
"2012-08-31 01:02:00",445,0,-1,0,0,0,0,0,-1,0,12.9699
"2012-08-31 01:03:00",446,0,-1,0,0,0,0,0,-1,0,12.9699
"2012-08-31 01:04:00",447,0,-1,0,0,0,0,0,-1,0,12.96982
"2012-08-31 01:05:00",448,0,-1,0,0,0,0,0,-1,0,12.96975
"2012-08-31 01:06:00",449,0,-1,0,0,0,0,0,-1,0,12.97013
"2012-08-31 01:07:00",450,0,-1,0,0,0,0,0,-1,0,12.97
"2012-08-31 01:08:00",451,0,-1,0,0,0,0,0,-1,0,12.96989
"2012-08-31 01:09:00",452,0,-1,0,0,0,0,0,-1,0,12.96989
"2012-08-31 01:10:00",453,0,-1,0,0,0,0,0,-1,0,12.96433
"2012-08-31 01:11:00",454,0,-1,0,0,0,0,0,-1,0,12.96427
"2012-08-31 01:12:00",455,0,-1,0,0,0,0,0,-1,0,12.96465
"2012-08-31 01:13:00",456,0,-1,0,0,0,0,0,-1,0,12.96452
"2012-08-31 01:14:00",457,0,-1,0,0,0,0,0,-1,0,12.96441
"2012-08-31 01:15:00",458,0,-1,0,0,0,0,0,-1,0,12.96441
"2012-08-31 01:16:00",459,0,-1,0,0,0,0,0,-1,0,12.96433
"2012-08-31 01:17:00",460,0,-1,0,0,0,0,0,-1,0,12.96426
"2012-08-31 01:18:00",461,0,-1,0,0,0,0,0,-1,0,12.96421
"2012-08-31 01:19:00",462,0,-1,0,0,0,0,0,-1,0,12.96417
"2012-08-31 01:20:00",463,0,-1,0,0,0,0,0,-1,0,12.96413
"2012-08-31 01:21:00",464,0,-1,0,0,0,0,0,-1,0,12.96413
"2012-08-31 01:22:00",465,0,-1,0,0,0,0,0,-1,0,12.96454
"2012-08-31 01:23:00",466,0,-1,0,0,0,0,0,-1,0,12.96443
"2012-08-31 01:24:00",467,0,-1,0,0,0,0,0,-1,0,12.96435
"2012-08-31 01:25:00",468,0,-1,0,0,0,0,0,-1,0,12.96428
"2012-08-31 01:26:00",469,0,-1,0,0,0,0,0,-1,0,12.96422
"2012-08-31 01:27:00",470,0,-1,0,0,0,0,0,-1,0,12.96422
"2012-08-31 01:28:00",471,0,-1,0,0,0,0,0,-1,0,12.96418
"2012-08-31 01:29:00",472,0,-1,0,0,0,0,0,-1,0,12.9591
"2012-08-31 01:30:00",473,0,-1,0,0,0,0,0,-1,0,12.95942
"2012-08-31 01:31:00",474,0,-1,0,0,0,0,0,-1,0,12.95924
"2012-08-31 01:32:00",475,0,-1,0,0,0,0,0,-1,0,12.95954
"2012-08-31 01:33:00",476,0,-1,0,0,0,0,0,-1,0,12.95954
"2012-08-31 01:34:00",477,0,-1,0,0,0,0,0,-1,0,12.95977
"2012-08-31 01:35:00",478,0,-1,0,0,0,0,0,-1,0,12.95996
"2012-08-31 01:36:00",479,0,-1,0,0,0,0,0,-1,0,12.95967
"2012-08-31 01:37:00",480,0,-1,0,0,0,0,0,-1,0,12.95397
"2012-08-31 01:38:00",481,0,-1,0,0,0,0,0,-1,0,12.95422
"2012-08-31 01:39:00",482,0,-1,0,0,0,0,0,-1,0,12.95422
"2012-08-31 01:40:00",483,0,-1,0,0,0,0,0,-1,0,12.95442
"2012-08-31 01:41:00",484,0,-1,0,0,0,0,0,-1,0,12.95458
"2012-08-31 01:42:00",485,0,-1,0,0,0,0,0,-1,0,12.95471
"2012-08-31 01:43:00",486,0,-1,0,0,0,0,0,-1,0,12.95482
"2012-08-31 01:44:00",487,0,-1,0,0,0,0,0,-1,0,12.9549
"2012-08-31 01:45:00",488,0,-1,0,0,0,0,0,-1,0,12.9549
"2012-08-31 01:46:00",489,0,-1,0,0,0,0,0,-1,0,12.95497
"2012-08-31 01:47:00",490,0,-1,0,0,0,0,0,-1,0,12.95502
"2012-08-31 01:48:00",491,0,-1,0,0,0,0,0,-1,0,12.95506
"2012-08-31 01:49:00",492,0,-1,0,0,0,0,0,-1,0,12.95509
"2012-08-31 01:50:00",493,0,-1,0,0,0,0,0,-1,0,12.95512
"2012-08-31 01:51:00",494,0,-1,0,0,0,0,0,-1,0,12.95512
"2012-08-31 01:52:00",495,0,-1,0,0,0,0,0,-1,0,12.95514
"2012-08-31 01:53:00",496,0,-1,0,0,0,0,0,-1,0,12.94969
"2012-08-31 01:54:00",497,0,-1,0,0,0,0,0,-1,0,12.9497
"2012-08-31 01:55:00",498,0,-1,0,0,0,0,0,-1,0,12.94971
"2012-08-31 01:56:00",499,0,-1,0,0,0,0,0,-1,0,12.94972
"2012-08-31 01:57:00",500,0,-1,0,0,0,0,0,-1,0,12.94972
"2012-08-31 01:58:00",501,0,-1,0,0,0,0,0,-1,0,12.94973
"2012-08-31 01:59:00",502,0,-1,0,0,0,0,0,-1,0,12.94973
"2012-08-31 02:00:00",503,0,-1,0,0,0,0,0,-1,0,12.94974
"2012-08-31 02:01:00",504,0,-1,0,0,0,0,0,-1,0,12.94974
"2012-08-31 02:02:00",505,0,-1,0,0,0,0,0,-1,0,12.94975
"2012-08-31 02:03:00",506,0,-1,0,0,0,0,0,-1,0,12.94975
"2012-08-31 02:04:00",507,0,-1,0,0,0,0,0,-1,0,12.94975
"2012-08-31 02:05:00",508,0,-1,0,0,0,0,0,-1,0,12.94428
"2012-08-31 02:06:00",509,0,-1,0,0,0,0,0,-1,0,12.94428
"2012-08-31 02:07:00",510,0,-1,0,0,0,0,0,-1,0,12.94428
"2012-08-31 02:08:00",511,0,-1,0,0,0,0,0,-1,0,12.94428
"2012-08-31 02:09:00",512,0,-1,0,0,0,0,0,-1,0,12.94428
"2012-08-31 02:10:00",513,0,-1,0,0,0,0,0,-1,0,12.94428
"2012-08-31 02:11:00",514,0,-1,0,0,0,0,0,-1,0,12.94428
"2012-08-31 02:12:00",515,0,-1,0,0,0,0,0,-1,0,12.94428
"2012-08-31 02:13:00",516,0,-1,0,0,0,0,0,-1,0,12.94428
"2012-08-31 02:14:00",517,0,-1,0,0,0,0,0,-1,0,12.94428
"2012-08-31 02:15:00",518,0,-1,0,0,0,0,0,-1,0,12.94428
"2012-08-31 02:16:00",519,0,-1,0,0,0,0,0,-1,0,12.94428
"2012-08-31 02:17:00",520,0,-1,0,0,0,0,0,-1,0,12.94428
"2012-08-31 02:18:00",521,0,-1,0,0,0,0,0,-1,0,12.94428
"2012-08-31 02:19:00",522,0,-1,0,0,0,0,0,-1,0,12.94428
"2012-08-31 02:20:00",523,0,-1,0,0,0,0,0,-1,0,12.94428
"2012-08-31 02:21:00",524,0,-1,0,0,0,0,0,-1,0,12.94428
"2012-08-31 02:22:00",525,0,-1,0,0,0,0,0,-1,0,12.94428
"2012-08-31 02:23:00",526,0,-1,0,0,0,0,0,-1,0,12.94428
"2012-08-31 02:24:00",527,0,-1,0,0,0,0,0,-1,0,12.94428
"2012-08-31 02:25:00",528,0,-1,0,0,0,0,0,-1,0,12.94428
"2012-08-31 02:26:00",529,0,-1,0,0,0,0,0,-1,0,12.93881
"2012-08-31 02:27:00",530,0,-1,0,0,0,0,0,-1,0,12.93881
"2012-08-31 02:28:00",531,0,-1,0,0,0,0,0,-1,0,12.93881
"2012-08-31 02:29:00",532,0,-1,0,0,0,0,0,-1,0,12.93881
"2012-08-31 02:30:00",533,0,-1,0,0,0,0,0,-1,0,12.93881
"2012-08-31 02:31:00",534,0,-1,0,0,0,0,0,-1,0,12.93881
"2012-08-31 02:32:00",535,0,-1,0,0,0,0,0,-1,0,12.93881
"2012-08-31 02:33:00",536,0,-1,0,0,0,0,0,-1,0,12.93881
"2012-08-31 02:34:00",537,0,-1,0,0,0,0,0,-1,0,12.93881
"2012-08-31 02:35:00",538,0,-1,0,0,0,0,0,-1,0,12.93881
"2012-08-31 02:36:00",539,0,-1,0,0,0,0,0,-1,0,12.93881
"2012-08-31 02:37:00",540,0,-1,0,0,0,0,0,-1,0,12.93333
"2012-08-31 02:38:00",541,0,-1,0,0,0,0,0,-1,0,12.93333
"2012-08-31 02:39:00",542,0,-1,0,0,0,0,0,-1,0,12.93333
"2012-08-31 02:40:00",543,0,-1,0,0,0,0,0,-1,0,12.93333
"2012-08-31 02:41:00",544,0,-1,0,0,0,0,0,-1,0,12.93333
"2012-08-31 02:42:00",545,0,-1,0,0,0,0,0,-1,0,12.93333
"2012-08-31 02:43:00",546,0,-1,0,0,0,0,0,-1,0,12.93333
"2012-08-31 02:44:00",547,0,-1,0,0,0,0,0,-1,0,12.93333
"2012-08-31 02:45:00",548,0,-1,0,0,0,0,0,-1,0,12.93333
"2012-08-31 02:46:00",549,0,-1,0,0,0,0,0,-1,0,12.93333
"2012-08-31 02:47:00",550,0,-1,0,0,0,0,0,-1,0,12.93333
"2012-08-31 02:48:00",551,0,-1,0,0,0,0,0,-1,0,12.93333
"2012-08-31 02:49:00",552,0,-1,0,0,0,0,0,-1,0,12.93333
"2012-08-31 02:50:00",553,0,-1,0,0,0,0,0,-1,0,12.93333
"2012-08-31 02:51:00",554,0,-1,0,0,0,0,0,-1,0,12.93333
"2012-08-31 02:52:00",555,0,-1,0,0,0,0,0,-1,0,12.93333
"2012-08-31 02:53:00",556,0,-1,0,0,0,0,0,-1,0,12.93333
"2012-08-31 02:54:00",557,0,-1,0,0,0,0,0,-1,0,12.93333
"2012-08-31 02:55:00",558,0,-1,0,0,0,0,0,-1,0,12.93333
"2012-08-31 02:56:00",559,0,-1,0,0,0,0,0,-1,0,12.93333
"2012-08-31 02:57:00",560,0,-1,0,0,0,0,0,-1,0,12.93333
"2012-08-31 02:58:00",561,0,-1,0,0,0,0,0,-1,0,12.93333
"2012-08-31 02:59:00",562,0,-1,0,0,0,0,0,-1,0,12.93333
"2012-08-31 03:00:00",563,0,-1,0,0,0,0,0,-1,0,12.92786
"2012-08-31 03:01:00",564,0,-1,0,0,0,0,0,-1,0,12.92786
"2012-08-31 03:02:00",565,0,-1,0,0,0,0,0,-1,0,12.92786
"2012-08-31 03:03:00",566,0,-1,0,0,0,0,0,-1,0,12.92786
"2012-08-31 03:04:00",567,0,-1,0,0,0,0,0,-1,0,12.92786
"2012-08-31 03:05:00",568,0,-1,0,0,0,0,0,-1,0,12.92786
"2012-08-31 03:06:00",569,0,-1,0,0,0,0,0,-1,0,12.92786
"2012-08-31 03:07:00",570,0,-1,0,0,0,0,0,-1,0,12.92786
"2012-08-31 03:08:00",571,0,-1,0,0,0,0,0,-1,0,12.92786
"2012-08-31 03:09:00",572,0,-1,0,0,0,0,0,-1,0,12.92786
"2012-08-31 03:10:00",573,0,-1,0,0,0,0,0,-1,0,12.92786
"2012-08-31 03:11:00",574,0,-1,0,0,0,0,0,-1,0,12.92786
"2012-08-31 03:12:00",575,0,-1,0,0,0,0,0,-1,0,12.92239
"2012-08-31 03:13:00",576,0,-1,0,0,0,0,0,-1,0,12.92239
"2012-08-31 03:14:00",577,0,-1,0,0,0,0,0,-1,0,12.92239
"2012-08-31 03:15:00",578,0,-1,0,0,0,0,0,-1,0,12.92239
"2012-08-31 03:16:00",579,0,-1,0,0,0,0,0,-1,0,12.92786
"2012-08-31 03:17:00",580,0,-1,0,0,0,0,0,-1,0,12.92239
"2012-08-31 03:18:00",581,0,-1,0,0,0,0,0,-1,0,12.92239
"2012-08-31 03:19:00",582,0,-1,0,0,0,0,0,-1,0,12.92239
"2012-08-31 03:20:00",583,0,-1,0,0,0,0,0,-1,0,12.92239
"2012-08-31 03:21:00",584,0,-1,0,0,0,0,0,-1,0,12.92239
"2012-08-31 03:22:00",585,0,-1,0,0,0,0,0,-1,0,12.92239
"2012-08-31 03:23:00",586,0,-1,0,0,0,0,0,-1,0,12.92239
"2012-08-31 03:24:00",587,0,-1,0,0,0,0,0,-1,0,12.92239
"2012-08-31 03:25:00",588,0,-1,0,0,0,0,0,-1,0,12.92239
"2012-08-31 03:26:00",589,0,-1,0,0,0,0,0,-1,0,12.92239
"2012-08-31 03:27:00",590,0,-1,0,0,0,0,0,-1,0,12.92239
"2012-08-31 03:28:00",591,0,-1,0,0,0,0,0,-1,0,12.92239
"2012-08-31 03:29:00",592,0,-1,0,0,0,0,0,-1,0,12.92239
"2012-08-31 03:30:00",593,0,-1,0,0,0,0,0,-1,0,12.92239
"2012-08-31 03:31:00",594,0,-1,0,0,0,0,0,-1,0,12.92239
"2012-08-31 03:32:00",595,0,-1,0,0,0,0,0,-1,0,12.92282
"2012-08-31 03:33:00",596,0,-1,0,0,0,0,0,-1,0,12.92282
"2012-08-31 03:34:00",597,0,-1,0,0,0,0,0,-1,0,12.92274
"2012-08-31 03:35:00",598,0,-1,0,0,0,0,0,-1,0,12.9231
"2012-08-31 03:36:00",599,0,-1,0,0,0,0,0,-1,0,12.92296
"2012-08-31 03:37:00",600,0,-1,0,0,0,0,0,-1,0,12.91737
"2012-08-31 03:38:00",601,0,-1,0,0,0,0,0,-1,0,12.92275
"2012-08-31 03:39:00",602,0,-1,0,0,0,0,0,-1,0,12.92275
"2012-08-31 03:40:00",603,0,-1,0,0,0,0,0,-1,0,12.91764
"2012-08-31 03:41:00",604,0,-1,0,0,0,0,0,-1,0,12.9175
"2012-08-31 03:42:00",605,0,-1,0,0,0,0,0,-1,0,12.91738
"2012-08-31 03:43:00",606,0,-1,0,0,0,0,0,-1,0,12.91772
"2012-08-31 03:44:00",607,0,-1,0,0,0,0,0,-1,0,12.918
"2012-08-31 03:45:00",608,0,-1,0,0,0,0,0,-1,0,12.918
"2012-08-31 03:46:00",609,0,-1,0,0,0,0,0,-1,0,12.91821
"2012-08-31 03:47:00",610,0,-1,0,0,0,0,0,-1,0,12.91795
"2012-08-31 03:48:00",611,0,-1,0,0,0,0,0,-1,0,12.91818
"2012-08-31 03:49:00",612,0,-1,0,0,0,0,0,-1,0,12.91836
"2012-08-31 03:50:00",613,0,-1,0,0,0,0,0,-1,0,12.91851
"2012-08-31 03:51:00",614,0,-1,0,0,0,0,0,-1,0,12.91851
"2012-08-31 03:52:00",615,0,-1,0,0,0,0,0,-1,0,12.91862
"2012-08-31 03:53:00",616,0,-1,0,0,0,0,0,-1,0,12.91872
"2012-08-31 03:54:00",617,0,-1,0,0,0,0,0,-1,0,12.91332
"2012-08-31 03:55:00",618,0,-1,0,0,0,0,0,-1,0,12.91338
"2012-08-31 03:56:00",619,0,-1,0,0,0,0,0,-1,0,12.91342
"2012-08-31 03:57:00",620,0,-1,0,0,0,0,0,-1,0,12.91342
"2012-08-31 03:58:00",621,0,-1,0,0,0,0,0,-1,0,12.91346
"2012-08-31 03:59:00",622,0,-1,0,0,0,0,0,-1,0,12.91349
"2012-08-31 04:00:00",623,0,-1,0,0,0,0,0,-1,0,12.91352
"2012-08-31 04:01:00",624,0,-1,0,0,0,0,0,-1,0,12.91354
"2012-08-31 04:02:00",625,0,-1,0,0,0,0,0,-1,0,12.91355
"2012-08-31 04:03:00",626,0,-1,0,0,0,0,0,-1,0,12.91355
"2012-08-31 04:04:00",627,0,-1,0,0,0,0,0,-1,0,12.91313
"2012-08-31 04:05:00",628,0,-1,0,0,0,0,0,-1,0,12.91323
"2012-08-31 04:06:00",629,0,-1,0,0,0,0,0,-1,0,12.9133
"2012-08-31 04:07:00",630,0,-1,0,0,0,0,0,-1,0,12.91337
"2012-08-31 04:08:00",631,0,-1,0,0,0,0,0,-1,0,12.91341
"2012-08-31 04:09:00",632,0,-1,0,0,0,0,0,-1,0,12.91341
"2012-08-31 04:10:00",633,0,-1,0,0,0,0,0,-1,0,12.91346
"2012-08-31 04:11:00",634,0,-1,0,0,0,0,0,-1,0,12.91349
"2012-08-31 04:12:00",635,0,-1,0,0,0,0,0,-1,0,12.91351
"2012-08-31 04:13:00",636,0,-1,0,0,0,0,0,-1,0,12.91353
"2012-08-31 04:14:00",637,0,-1,0,0,0,0,0,-1,0,12.91355
"2012-08-31 04:15:00",638,0,-1,0,0,0,0,0,-1,0,12.91355
"2012-08-31 04:16:00",639,0,-1,0,0,0,0,0,-1,0,12.914
"2012-08-31 04:17:00",640,0,-1,0,0,0,0,0,-1,0,12.91392
"2012-08-31 04:18:00",641,0,-1,0,0,0,0,0,-1,0,12.90838
"2012-08-31 04:19:00",642,0,-1,0,0,0,0,0,-1,0,12.91381
"2012-08-31 04:20:00",643,0,-1,0,0,0,0,0,-1,0,12.9142
"2012-08-31 04:21:00",644,0,-1,0,0,0,0,0,-1,0,12.9142
"2012-08-31 04:22:00",645,0,-1,0,0,0,0,0,-1,0,12.90861
"2012-08-31 04:23:00",646,0,-1,0,0,0,0,0,-1,0,12.90852
"2012-08-31 04:24:00",647,0,-1,0,0,0,0,0,-1,0,12.90844
"2012-08-31 04:25:00",648,0,-1,0,0,0,0,0,-1,0,12.90838
"2012-08-31 04:26:00",649,0,-1,0,0,0,0,0,-1,0,12.90833
"2012-08-31 04:27:00",650,0,-1,0,0,0,0,0,-1,0,12.90833
"2012-08-31 04:28:00",651,0,-1,0,0,0,0,0,-1,0,12.90873
"2012-08-31 04:29:00",652,0,-1,0,0,0,0,0,-1,0,12.90861
"2012-08-31 04:30:00",653,0,-1,0,0,0,0,0,-1,0,12.90852
"2012-08-31 04:31:00",654,0,-1,0,0,0,0,0,-1,0,12.90844
"2012-08-31 04:32:00",655,0,-1,0,0,0,0,0,-1,0,12.90838
"2012-08-31 04:33:00",656,0,-1,0,0,0,0,0,-1,0,12.90838
"2012-08-31 04:34:00",657,0,-1,0,0,0,0,0,-1,0,12.90833
"2012-08-31 04:35:00",658,0,-1,0,0,0,0,0,-1,0,12.90829
"2012-08-31 04:36:00",659,0,-1,0,0,0,0,0,-1,0,12.90279
"2012-08-31 04:37:00",660,0,-1,0,0,0,0,0,-1,0,12.90824
"2012-08-31 04:38:00",661,0,-1,0,0,0,0,0,-1,0,12.90274
"2012-08-31 04:39:00",662,0,-1,0,0,0,0,0,-1,0,12.90274
"2012-08-31 04:40:00",663,0,-1,0,0,0,0,0,-1,0,12.90273
"2012-08-31 04:41:00",664,0,-1,0,0,0,0,0,-1,0,12.90272
"2012-08-31 04:42:00",665,0,-1,0,0,0,0,0,-1,0,12.90314
"2012-08-31 04:43:00",666,0,-1,0,0,0,0,0,-1,0,12.90304
"2012-08-31 04:44:00",667,0,-1,0,0,0,0,0,-1,0,12.90297
"2012-08-31 04:45:00",668,0,-1,0,0,0,0,0,-1,0,12.90297
"2012-08-31 04:46:00",669,0,-1,0,0,0,0,0,-1,0,12.90838
"2012-08-31 04:47:00",670,0,-1,0,0,0,0,0,-1,0,12.90286
"2012-08-31 04:48:00",671,0,-1,0,0,0,0,0,-1,0,12.90325
"2012-08-31 04:49:00",672,0,-1,0,0,0,0,0,-1,0,12.90357
"2012-08-31 04:50:00",673,0,-1,0,0,0,0,0,-1,0,12.90339
"2012-08-31 04:51:00",674,0,-1,0,0,0,0,0,-1,0,12.90339
"2012-08-31 04:52:00",675,0,-1,0,0,0,0,0,-1,0,12.90368
"2012-08-31 04:53:00",676,0,-1,0,0,0,0,0,-1,0,12.90347
"2012-08-31 04:54:00",677,0,-1,0,0,0,0,0,-1,0,12.90375
"2012-08-31 04:55:00",678,0,-1,0,0,0,0,0,-1,0,12.90396
"2012-08-31 04:56:00",679,0,-1,0,0,0,0,0,-1,0,12.9037
"2012-08-31 04:57:00",680,0,-1,0,0,0,0,0,-1,0,12.9037
"2012-08-31 04:58:00",681,0,-1,0,0,0,0,0,-1,0,12.9035
"2012-08-31 04:59:00",682,0,-1,0,0,0,0,0,-1,0,12.90333
"2012-08-31 05:00:00",683,0,-1,0,0,0,0,0,-1,0,12.9032
"2012-08-31 05:01:00",684,0,-1,0,0,0,0,0,-1,0,12.90352
"2012-08-31 05:02:00",685,0,-1,0,0,0,0,0,-1,0,12.90379
"2012-08-31 05:03:00",686,0,-1,0,0,0,0,0,-1,0,12.90379
"2012-08-31 05:04:00",687,0,-1,0,0,0,0,0,-1,0,12.904
"2012-08-31 05:05:00",688,0,-1,0,0,0,0,0,-1,0,12.90373
"2012-08-31 05:06:00",689,0,-1,0,0,0,0,0,-1,0,12.90395
"2012-08-31 05:07:00",690,0,-1,0,0,0,0,0,-1,0,12.90369
"2012-08-31 05:08:00",691,0,-1,0,0,0,0,0,-1,0,12.89801
"2012-08-31 05:09:00",692,0,-1,0,0,0,0,0,-1,0,12.89801
"2012-08-31 05:10:00",693,0,-1,0,0,0,0,0,-1,0,12.90376
"2012-08-31 05:11:00",694,0,-1,0,0,0,0,0,-1,0,12.8985
"2012-08-31 05:12:00",695,0,-1,0,0,0,0,0,-1,0,12.89867
"2012-08-31 05:13:00",696,0,-1,0,0,0,0,0,-1,0,12.89837
"2012-08-31 05:14:00",697,0,-1,0,0,0,0,0,-1,0,12.89814
"2012-08-31 05:15:00",698,0,-1,0,0,0,0,0,-1,0,12.89814
"2012-08-31 05:16:00",699,0,-1,0,0,0,0,0,-1,0,12.89838
"2012-08-31 05:17:00",700,0,-1,0,0,0,0,0,-1,0,12.89858
"2012-08-31 05:18:00",701,0,-1,0,0,0,0,0,-1,0,12.89873
"2012-08-31 05:19:00",702,0,-1,0,0,0,0,0,-1,0,12.89886
"2012-08-31 05:20:00",703,0,-1,0,0,0,0,0,-1,0,12.89896
"2012-08-31 05:21:00",704,0,-1,0,0,0,0,0,-1,0,12.89896
"2012-08-31 05:22:00",705,0,-1,0,0,0,0,0,-1,0,12.89904
"2012-08-31 05:23:00",706,0,-1,0,0,0,0,0,-1,0,12.8991
"2012-08-31 05:24:00",707,0,-1,0,0,0,0,0,-1,0,12.89915
"2012-08-31 05:25:00",708,0,-1,0,0,0,0,0,-1,0,12.89876
"2012-08-31 05:26:00",709,0,-1,0,0,0,0,0,-1,0,12.89888
"2012-08-31 05:27:00",710,0,-1,0,0,0,0,0,-1,0,12.89888
"2012-08-31 05:28:00",711,0,-1,0,0,0,0,0,-1,0,12.89898
"2012-08-31 05:29:00",712,0,-1,0,0,0,0,0,-1,0,12.89905
"2012-08-31 05:30:00",713,0,-1,0,0,0,0,0,-1,0,12.89911
"2012-08-31 05:31:00",714,0,-1,0,0,0,0,0,-1,0,12.89369
"2012-08-31 05:32:00",715,0,-1,0,0,0,0,0,-1,0,12.89373
"2012-08-31 05:33:00",716,0,-1,0,0,0,0,0,-1,0,12.89373
"2012-08-31 05:34:00",717,0,-1,0,0,0,0,0,-1,0,12.89376
"2012-08-31 05:35:00",718,0,-1,0,0,0,0,0,-1,0,12.89378
"2012-08-31 05:36:00",719,0,-1,0,0,0,0,0,-1,0,12.8938
"2012-08-31 05:37:00",720,0,-1,0,0,0,0,0,-1,0,12.89382
"2012-08-31 05:38:00",721,0,-1,0,0,0,0,0,-1,0,12.89383
"2012-08-31 05:39:00",722,0,-1,0,0,0,0,0,-1,0,12.89383
"2012-08-31 05:40:00",723,0,-1,0,0,0,0,0,-1,0,12.89384
"2012-08-31 05:41:00",724,0,-1,0,0,0,0,0,-1,0,12.89385
"2012-08-31 05:42:00",725,0,-1,0,0,0,0,0,-1,0,12.89386
"2012-08-31 05:43:00",726,0,-1,0,0,0,0,0,-1,0,12.89386
"2012-08-31 05:44:00",727,0,-1,0,0,0,0,0,-1,0,12.89387
"2012-08-31 05:45:00",728,0,-1,0,0,0,0,0,-1,0,12.89387
"2012-08-31 05:46:00",729,0,-1,0,0,0,0,0,-1,0,12.89387
"2012-08-31 05:47:00",730,0,-1,0,0,0,0,0,-1,0,12.89387
"2012-08-31 05:48:00",731,0,-1,0,0,0,0,0,-1,0,12.89388
"2012-08-31 05:49:00",732,0,-1,0,0,0,0,0,-1,0,12.89388
"2012-08-31 05:50:00",733,0,-1,0,0,0,0,0,-1,0,12.89388
"2012-08-31 05:51:00",734,0,-1,0,0,0,0,0,-1,0,12.89388
"2012-08-31 05:52:00",735,0,-1,0,0,0,0,0,-1,0,12.89388
"2012-08-31 05:53:00",736,0,-1,0,0,0,0,0,-1,0,12.89388
"2012-08-31 05:54:00",737,0,-1,0,0,0,0,0,-1,0,12.89388
"2012-08-31 05:55:00",738,0,-1,0,0,0,0,0,-1,0,12.89388
"2012-08-31 05:56:00",739,0,-1,0,0,0,0,0,-1,0,12.89388
"2012-08-31 05:57:00",740,0,-1,0,0,0,0,0,-1,0,12.89388
"2012-08-31 05:58:00",741,0,-1,0,0,0,0,0,-1,0,12.88797
"2012-08-31 05:59:00",742,0,-1,0,0,0,0,0,-1,0,12.89353
"2012-08-31 06:00:00",743,0,-1,0,0,0,0,0,-1,0,12.88813
"2012-08-31 06:01:00",744,0,-1,0,0,0,0,0,-1,0,12.88775
"2012-08-31 06:02:00",745,0,-1,0,0,0,0,0,-1,0,12.88788
"2012-08-31 06:03:00",746,0,-1,0,0,0,0,0,-1,0,12.88788
"2012-08-31 06:04:00",747,0,-1,0,0,0,0,0,-1,0,12.88799
"2012-08-31 06:05:00",748,0,-1,0,0,0,0,0,-1,0,12.88807
"2012-08-31 06:06:00",749,0,-1,0,0,0,0,0,-1,0,12.88814
"2012-08-31 06:07:00",750,0,-1,0,0,0,0,0,-1,0,12.88819
"2012-08-31 06:08:00",751,0,-1,0,0,0,0,0,-1,0,12.88824
"2012-08-31 06:09:00",752,0,-1,0,0,0,0,0,-1,0,12.88824
"2012-08-31 06:10:00",753,0,-1,0,0,0,0,0,-1,0,12.88827
"2012-08-31 06:11:00",754,0,-1,0,0,0,0,0,-1,0,12.8883
"2012-08-31 06:12:00",755,0,-1,0,0,0,0,0,-1,0,12.88832
"2012-08-31 06:13:00",756,0,-1,0,0,0,0,0,-1,0,12.88834
"2012-08-31 06:14:00",757,0,-1,0,0,0,0,0,-1,0,12.88835
"2012-08-31 06:15:00",758,0,-1,0,0,0,0,0,-1,0,12.88835
"2012-08-31 06:16:00",759,0,-1,0,0,0,0,0,-1,0,12.88836
"2012-08-31 06:17:00",760,0,-1,0,0,0,0,0,-1,0,12.8829
"2012-08-31 06:18:00",761,0,-1,0,0,0,0,0,-1,0,12.88247
"2012-08-31 06:19:00",762,0,-1,0,0,0,0,0,-1,0,12.88256
"2012-08-31 06:20:00",763,0,-1,0,0,0,0,0,-1,0,12.88264
"2012-08-31 06:21:00",764,0,-1,0,0,0,0,0,-1,0,12.88264
"2012-08-31 06:22:00",765,0,-1,0,0,0,0,0,-1,0,12.8827
"2012-08-31 06:23:00",766,0,-1,0,0,0,0,0,-1,0,12.88778
"2012-08-31 06:24:00",767,0,-1,0,0,0,0,0,-1,0,12.88243
"2012-08-31 06:25:00",768,0,-1,0,0,0,0,0,-1,0,12.88253
"2012-08-31 06:26:00",769,0,-1,0,0,0,0,0,-1,0,12.88261
"2012-08-31 06:27:00",770,0,-1,0,0,0,0,0,-1,0,12.88261
"2012-08-31 06:28:00",771,0,-1,0,0,0,0,0,-1,0,12.88268
"2012-08-31 06:29:00",772,0,-1,0,0,0,0,0,-1,0,12.88273
"2012-08-31 06:30:00",773,0,-1,0,0,0,0,0,-1,0,12.88277
"2012-08-31 06:31:00",774,0,-1,0,0,0,0,0,-1,0,12.8828
"2012-08-31 06:32:00",775,0,-1,0,0,0,0,0,-1,0,12.88283
"2012-08-31 06:33:00",776,0,-1,0,0,0,0,0,-1,0,12.88283
"2012-08-31 06:34:00",777,0,-1,0,0,0,0,0,-1,0,12.88285
"2012-08-31 06:35:00",778,0,-1,0,0,0,0,0,-1,0,12.88243
"2012-08-31 06:36:00",779,0,-1,0,0,0,0,0,-1,0,12.88253
"2012-08-31 06:37:00",780,0,-1,0,0,0,0,0,-1,0,12.88218
"2012-08-31 06:38:00",781,0,-1,0,0,0,0,0,-1,0,12.8819
"2012-08-31 06:39:00",782,0,-1,0,0,0,0,0,-1,0,12.8819
"2012-08-31 06:40:00",783,0,-1,0,0,0,0,0,-1,0,12.88167
"2012-08-31 06:41:00",784,0,-1,0,0,0,0,0,-1,0,12.88192
"2012-08-31 06:42:00",785,0,-1,0,0,0,0,0,-1,0,12.88213
"2012-08-31 06:43:00",786,0,-1,0,0,0,0,0,-1,0,12.88229
"2012-08-31 06:44:00",787,0,-1,0,0,0,0,0,-1,0,12.88242
"2012-08-31 06:45:00",788,0,-1,0,0,0,0,0,-1,0,12.88242
"2012-08-31 06:46:00",789,0,-1,0,0,0,0,0,-1,0,12.88252
"2012-08-31 06:47:00",790,0,-1,0,0,0,0,0,-1,0,12.8826
"2012-08-31 06:48:00",791,0,-1,0,0,0,0,0,-1,0,12.88267
"2012-08-31 06:49:00",792,0,-1,0,0,0,0,0,-1,0,12.88272
"2012-08-31 06:50:00",793,0,-1,0,0,0,0,0,-1,0,12.88276
"2012-08-31 06:51:00",794,0,-1,0,0,0,0,0,-1,0,12.88276
"2012-08-31 06:52:00",795,0,-1,0,0,0,0,0,-1,0,12.8828
"2012-08-31 06:53:00",796,0,-1,0,0,0,0,0,-1,0,12.87735
"2012-08-31 06:54:00",797,0,-1,0,0,0,0,0,-1,0,12.88285
"2012-08-31 06:55:00",798,0,-1,0,0,0,0,0,-1,0,12.88286
"2012-08-31 06:56:00",799,0,-1,0,0,0,0,0,-1,0,12.88288
"2012-08-31 06:57:00",800,0,-1,0,0,0,0,0,-1,0,12.88288
"2012-08-31 06:58:00",801,0,-1,0,0,0,0,0,-1,0,12.88289
"2012-08-31 06:59:00",802,0,-1,0,0,0,0,0,-1,0,12.8829
"2012-08-31 07:00:00",803,0,-1,0,0,0,0,0,-1,0,12.87743
"2012-08-31 07:01:00",804,0,-1,0,0,0,0,0,-1,0,12.87743
"2012-08-31 07:02:00",805,0,-1,0,0,0,0,0,-1,0,12.87744
"2012-08-31 07:03:00",806,0,-1,0,0,0,0,0,-1,0,12.87744
"2012-08-31 07:04:00",807,0,-1,0,0,0,0,0,-1,0,12.87744
"2012-08-31 07:05:00",808,0,-1,0,0,0,0,0,-1,0,12.87745
"2012-08-31 07:06:00",809,0,-1,0,0,0,0,0,-1,0,12.87745
"2012-08-31 07:07:00",810,0,-1,0,0,0,0,0,-1,0,12.87702
"2012-08-31 07:08:00",811,0,-1,0,0,0,0,0,-1,0,12.87711
"2012-08-31 07:09:00",812,0,-1,0,0,0,0,0,-1,0,12.87711
"2012-08-31 07:10:00",813,0,-1,0,0,0,0,0,-1,0,12.87718
"2012-08-31 07:11:00",814,0,-1,0,0,0,0,0,-1,0,12.87723
"2012-08-31 07:12:00",815,0,-1,0,0,0,0,0,-1,0,12.87728
"2012-08-31 07:13:00",816,0,-1,0,0,0,0,0,-1,0,12.87731
"2012-08-31 07:14:00",817,0,-1,0,0,0,0,0,-1,0,12.87734
"2012-08-31 07:15:00",818,0,-1,0,0,0,0,0,-1,0,12.87734
"2012-08-31 07:16:00",819,0,-1,0,0,0,0,0,-1,0,12.87736
"2012-08-31 07:17:00",820,0,-1,0,0,0,0,0,-1,0,12.87738
"2012-08-31 07:18:00",821,0,-1,0,0,0,0,0,-1,0,12.8774
"2012-08-31 07:19:00",822,0,-1,0,0,0,0,0,-1,0,12.87741
"2012-08-31 07:20:00",823,0,-1,0,0,0,0,0,-1,0,12.87742
"2012-08-31 07:21:00",824,0,-1,0,0,0,0,0,-1,0,12.87742
"2012-08-31 07:22:00",825,0,-1,0,0,0,0,0,-1,0,12.87743
"2012-08-31 07:23:00",826,0,-1,0,0,0,0,0,-1,0,12.877
"2012-08-31 07:24:00",827,0,-1,0,0,0,0,0,-1,0,12.87118
"2012-08-31 07:25:00",828,0,-1,0,0,0,0,0,-1,0,12.87134
"2012-08-31 07:26:00",829,0,-1,0,0,0,0,0,-1,0,12.87147
"2012-08-31 07:27:00",830,0,-1,0,0,0,0,0,-1,0,12.87147
"2012-08-31 07:28:00",831,0,-1,0,0,0,0,0,-1,0,12.87662
"2012-08-31 07:29:00",832,0,-1,0,0,0,0,0,-1,0,12.87131
"2012-08-31 07:30:00",833,0,-1,0,0,0,0,0,-1,0,12.87144
"2012-08-31 07:31:00",834,0,-1,0,0,0,0,0,-1,0,12.87112
"2012-08-31 07:32:00",835,0,-1,0,0,0,0,0,-1,0,12.87129
"2012-08-31 07:33:00",836,0,-1,0,0,0,0,0,-1,0,12.87129
"2012-08-31 07:34:00",837,0,-1,0,0,0,0,0,-1,0,12.87143
"2012-08-31 07:35:00",838,0,-1,0,0,0,0,0,-1,0,12.87154
"2012-08-31 07:36:00",839,0,-1,0,0,0,0,0,-1,0,12.87163
"2012-08-31 07:37:00",840,0,-1,0,0,0,0,0,-1,0,12.8717
"2012-08-31 07:38:00",841,0,-1,0,0,0,0,0,-1,0,12.87176
"2012-08-31 07:39:00",842,0,-1,0,0,0,0,0,-1,0,12.87176
"2012-08-31 07:40:00",843,0,-1,0,0,0,0,0,-1,0,12.87137
"2012-08-31 07:41:00",844,0,-1,0,0,0,0,0,-1,0,12.87149
"2012-08-31 07:42:00",845,0,-1,0,0,0,0,0,-1,0,12.87116
"2012-08-31 07:43:00",846,0,-1,0,0,0,0,0,-1,0,12.87132
"2012-08-31 07:44:00",847,0,-1,0,0,0,0,0,-1,0,12.87146
"2012-08-31 07:45:00",848,0,-1,0,0,0,0,0,-1,0,12.87146
"2012-08-31 07:46:00",849,0,-1,0,0,0,0,0,-1,0,12.87156
"2012-08-31 07:47:00",850,0,-1,0,0,0,0,0,-1,0,12.87164
"2012-08-31 07:48:00",851,0,-1,0,0,0,0,0,-1,0,12.87128
"2012-08-31 07:49:00",852,0,-1,0,0,0,0,0,-1,0,12.87142
"2012-08-31 07:50:00",853,0,-1,0,0,0,0,0,-1,0,12.8711
"2012-08-31 07:51:00",854,0,-1,0,0,0,0,0,-1,0,12.8711
"2012-08-31 07:52:00",855,0,-1,0,0,0,0,0,-1,0,12.87128
"2012-08-31 07:53:00",856,0,-1,0,0,0,0,0,-1,0,12.87142
"2012-08-31 07:54:00",857,0,-1,0,0,0,0,0,-1,0,12.8711
"2012-08-31 07:55:00",858,0,-1,0,0,0,0,0,-1,0,12.87128
"2012-08-31 07:56:00",859,0,-1,0,0,0,0,0,-1,0,12.87142
"2012-08-31 07:57:00",860,0,-1,0,0,0,0,0,-1,0,12.87142
"2012-08-31 07:58:00",861,0,-1,0,0,0,0,0,-1,0,12.87153
"2012-08-31 07:59:00",862,0,-1,0,0,0,0,0,-1,0,12.87162
"2012-08-31 08:00:00",863,0,-1,0,0,0,0,0,-1,0,12.87169
"2012-08-31 08:01:00",864,0,-1,0,0,0,0,0,-1,0,12.87132
"2012-08-31 08:02:00",865,0,-1,0,0,0,0,0,-1,0,12.87145
"2012-08-31 08:03:00",866,0,-1,0,0,0,0,0,-1,0,12.87145
"2012-08-31 08:04:00",867,0,-1,0,0,0,0,0,-1,0,12.87156
"2012-08-31 08:05:00",868,0,-1,0,0,0,0,0,-1,0,12.87164
"2012-08-31 08:06:00",869,0,-1,0,0,0,0,0,-1,0,12.87171
"2012-08-31 08:07:00",870,0,-1,0,0,0,0,0,-1,0,12.86629
"2012-08-31 08:08:00",871,0,-1,0,0,0,0,0,-1,0,12.87181
"2012-08-31 08:09:00",872,0,-1,0,0,0,0,0,-1,0,12.87181
"2012-08-31 08:10:00",873,0,-1,0,0,0,0,0,-1,0,12.87184
"2012-08-31 08:11:00",874,0,-1,0,0,0,0,0,-1,0,12.8664
"2012-08-31 08:12:00",875,0,-1,0,0,0,0,0,-1,0,12.86599
"2012-08-31 08:13:00",876,0,-1,0,0,0,0,0,-1,0,12.86609
"2012-08-31 08:14:00",877,0,-1,0,0,0,0,0,-1,0,12.86617
"2012-08-31 08:15:00",878,0,-1,0,0,0,0,0,-1,0,12.86617
"2012-08-31 08:16:00",879,0,-1,0,0,0,0,0,-1,0,12.86624
"2012-08-31 08:17:00",880,0,-1,0,0,0,0,0,-1,0,12.86629
"2012-08-31 08:18:00",881,0,-1,0,0,0,0,0,-1,0,12.86634
"2012-08-31 08:19:00",882,0,-1,0,0,0,0,0,-1,0,12.86594
"2012-08-31 08:20:00",883,0,-1,0,0,0,0,0,-1,0,12.86605
"2012-08-31 08:21:00",884,0,-1,0,0,0,0,0,-1,0,12.86605
"2012-08-31 08:22:00",885,0,-1,0,0,0,0,0,-1,0,12.86614
"2012-08-31 08:23:00",886,0,-1,0,0,0,0,0,-1,0,12.86622
"2012-08-31 08:24:00",887,0,-1,0,0,0,0,0,-1,0,12.86584
"2012-08-31 08:25:00",888,0,-1,0,0,0,0,0,-1,0,12.86554
"2012-08-31 08:26:00",889,0,-1,0,0,0,0,0,-1,0,12.8653
"2012-08-31 08:27:00",890,0,-1,0,0,0,0,0,-1,0,12.8653
"2012-08-31 08:28:00",891,0,-1,0,0,0,0,0,-1,0,12.86555
"2012-08-31 08:29:00",892,0,-1,0,0,0,0,0,-1,0,12.86574
"2012-08-31 08:30:00",893,0,-1,0,0,0,0,0,-1,0,12.86589
"2012-08-31 08:31:00",894,0,-1,0,0,0,0,0,-1,0,12.86601
"2012-08-31 08:32:00",895,0,-1,0,0,0,0,0,-1,0,12.86611
"2012-08-31 08:33:00",896,0,-1,0,0,0,0,0,-1,0,12.86611
"2012-08-31 08:34:00",897,0,-1,0,0,0,0,0,-1,0,12.86619
"2012-08-31 08:35:00",898,0,-1,0,0,0,0,0,-1,0,12.86582
"2012-08-31 08:36:00",899,0,-1,0,0,0,0,0,-1,0,12.86596
"2012-08-31 08:37:00",900,0,-1,0,0,0,0,0,-1,0,12.86059
"2012-08-31 08:38:00",901,0,-1,0,0,0,0,0,-1,0,12.86572
"2012-08-31 08:39:00",902,0,-1,0,0,0,0,0,-1,0,12.86572
"2012-08-31 08:40:00",903,0,-1,0,0,0,0,0,-1,0,12.8604
"2012-08-31 08:41:00",904,0,-1,0,0,0,0,0,-1,0,12.86053
"2012-08-31 08:42:00",905,0,-1,0,0,0,0,0,-1,0,12.86063
"2012-08-31 08:43:00",906,0,-1,0,0,0,0,0,-1,0,12.86071
"2012-08-31 08:44:00",907,0,-1,0,0,0,0,0,-1,0,12.86077
"2012-08-31 08:45:00",908,0,-1,0,0,0,0,0,-1,0,12.86077
"2012-08-31 08:46:00",909,0,-1,0,0,0,0,0,-1,0,12.86083
"2012-08-31 08:47:00",910,0,-1,0,0,0,0,0,-1,0,12.86043
"2012-08-31 08:48:00",911,0,-1,0,0,0,0,0,-1,0,12.86055
"2012-08-31 08:49:00",912,0,-1,0,0,0,0,0,-1,0,12.86065
"2012-08-31 08:50:00",913,0,-1,0,0,0,0,0,-1,0,12.86073
"2012-08-31 08:51:00",914,0,-1,0,0,0,0,0,-1,0,12.86073
"2012-08-31 08:52:00",915,0,-1,0,0,0,0,0,-1,0,12.86079
"2012-08-31 08:53:00",916,0,-1,0,0,0,0,0,-1,0,12.86084
"2012-08-31 08:54:00",917,0,-1,0,0,0,0,0,-1,0,12.86044
"2012-08-31 08:55:00",918,0,-1,0,0,0,0,0,-1,0,12.86056
"2012-08-31 08:56:00",919,0,-1,0,0,0,0,0,-1,0,12.86066
"2012-08-31 08:57:00",920,0,-1,0,0,0,0,0,-1,0,12.86066
"2012-08-31 08:58:00",921,0,-1,0,0,0,0,0,-1,0,12.86073
"2012-08-31 08:59:00",922,0,-1,0,0,0,0,0,-1,0,12.86079
"2012-08-31 09:00:00",923,0,-1,0,0,0,0,0,-1,0,12.86084
"2012-08-31 09:01:00",924,0,-1,0,0,0,0,0,-1,0,12.86045
"2012-08-31 09:02:00",925,0,-1,0,0,0,0,0,-1,0,12.86056
"2012-08-31 09:03:00",926,0,-1,0,0,0,0,0,-1,0,12.86056
"2012-08-31 09:04:00",927,0,-1,0,0,0,0,0,-1,0,12.86066
"2012-08-31 09:05:00",928,0,-1,0,0,0,0,0,-1,0,12.86073
"2012-08-31 09:06:00",929,0,-1,0,0,0,0,0,-1,0,12.86079
"2012-08-31 09:07:00",930,0,-1,0,0,0,0,0,-1,0,12.86041
"2012-08-31 09:08:00",931,0,-1,0,0,0,0,0,-1,0,12.86053
"2012-08-31 09:09:00",932,0,-1,0,0,0,0,0,-1,0,12.86053
"2012-08-31 09:10:00",933,0,-1,0,0,0,0,0,-1,0,12.86063
"2012-08-31 09:11:00",934,0,-1,0,0,0,0,0,-1,0,12.86071
"2012-08-31 09:12:00",935,0,-1,0,0,0,0,0,-1,0,12.86078
"2012-08-31 09:13:00",936,0,-1,0,0,0,0,0,-1,0,12.86083
"2012-08-31 09:14:00",937,0,-1,0,0,0,0,0,-1,0,12.86044
"2012-08-31 09:15:00",938,0,-1,0,0,0,0,0,-1,0,12.86044
"2012-08-31 09:16:00",939,0,-1,0,0,0,0,0,-1,0,12.86055
"2012-08-31 09:17:00",940,0,-1,60,0,0,0,0,-1,-1,12.86065
"2012-08-31 09:18:00",941,0,-1,59,0,0,0,0,-1,-1,12.86073
"2012-08-31 09:19:00",942,0,-1,58,0,0,0,0,-1,-1,12.69064
"2012-08-31 09:20:00",943,0,-1,57,0,0,0,0,-1,-1,12.6415
"2012-08-31 09:21:00",944,0,-1,56,0,0,0,0,-1,-1,12.6415
"2012-08-31 09:22:00",945,0,-1,55,0,0,0,0,-1,-1,12.63065
"2012-08-31 09:23:00",946,0,-1,54,0,0,0,0,-1,-1,12.63074
"2012-08-31 09:24:00",947,0,-1,53,0,0,0,0,-1,-1,12.63081
"2012-08-31 09:25:00",948,0,-1,52,0,0,0,0,-1,-1,12.63086
"2012-08-31 09:26:00",949,0,-1,51,0,0,0,0,-1,-1,12.6309
"2012-08-31 09:27:00",950,0,-1,50,0,0,0,0,-1,-1,12.6309
"2012-08-31 09:28:00",951,0,-1,49,0,0,0,0,-1,-1,12.63094
"2012-08-31 09:29:00",952,0,-1,48,0,0,0,0,-1,-1,12.63097
"2012-08-31 09:30:00",953,0,-1,47,0,0,0,0,-1,-1,12.63099
"2012-08-31 09:31:00",954,0,-1,46,0,0,0,0,-1,-1,12.63101
"2012-08-31 09:32:00",955,0,-1,45,0,0,0,0,-1,-1,12.63102
"2012-08-31 09:33:00",956,0,-1,44,0,0,0,0,-1,-1,12.63102
"2012-08-31 09:34:00",957,0,-1,43,0,0,0,0,-1,-1,12.63103
"2012-08-31 09:35:00",958,0,-1,42,0,0,0,0,-1,-1,12.63104
"2012-08-31 09:36:00",959,0,-1,41,0,0,0,0,-1,-1,12.63105
"2012-08-31 09:37:00",960,0,-1,40,0,0,0,0,-1,-1,12.63105
"2012-08-31 09:38:00",961,0,-1,39,0,0,0,0,-1,-1,12.63106
"2012-08-31 09:39:00",962,0,-1,38,0,0,0,0,-1,-1,12.63106
"2012-08-31 09:40:00",963,0,-1,37,0,0,0,0,-1,-1,12.63106
"2012-08-31 09:41:00",964,0,-1,36,0,0,0,0,-1,-1,12.63107
"2012-08-31 09:42:00",965,0,-1,35,0,0,0,0,-1,-1,12.62559
"2012-08-31 09:43:00",966,0,-1,34,0,0,0,0,-1,-1,12.62559
"2012-08-31 09:44:00",967,0,-1,33,0,0,0,0,-1,-1,12.6256
"2012-08-31 09:45:00",968,0,-1,32,0,0,0,0,-1,-1,12.6256
"2012-08-31 09:46:00",969,0,-1,31,0,0,0,0,-1,-1,12.6256
"2012-08-31 09:47:00",970,0,-1,30,0,0,0,0,-1,-1,12.6256
"2012-08-31 09:48:00",971,0,-1,29,0,0,0,0,-1,-1,12.6256
"2012-08-31 09:49:00",972,0,-1,28,0,0,0,0,-1,-1,12.6256
"2012-08-31 09:50:00",973,0,-1,27,0,0,0,0,-1,-1,12.6256
"2012-08-31 09:51:00",974,0,-1,26,0,0,0,0,-1,-1,12.6256
"2012-08-31 09:52:00",975,0,-1,25,0,0,0,0,-1,-1,12.62012
"2012-08-31 09:53:00",976,0,-1,24,0,0,0,0,-1,-1,12.62012
"2012-08-31 09:54:00",977,0,-1,23,0,0,0,0,-1,-1,12.62012
"2012-08-31 09:55:00",978,0,-1,22,0,0,0,0,-1,-1,12.62012
"2012-08-31 09:56:00",979,0,-1,21,0,0,0,0,-1,-1,12.62012
"2012-08-31 09:57:00",980,0,-1,20,0,0,0,0,-1,-1,12.62012
"2012-08-31 09:58:00",981,0,-1,19,0,0,0,0,-1,-1,12.62012
"2012-08-31 09:59:00",982,0,-1,18,0,0,0,0,-1,-1,12.62012
"2012-08-31 10:00:00",983,0,-1,17,0,0,0,0,-1,-1,12.62012
"2012-08-31 10:01:00",984,0,-1,16,0,0,0,0,-1,-1,12.62012
"2012-08-31 10:02:00",985,0,-1,15,0,0,0,0,-1,-1,12.62012
"2012-08-31 10:03:00",986,0,-1,14,0,0,0,0,-1,-1,12.62012
"2012-08-31 10:04:00",987,0,-1,13,0,0,0,0,-1,-1,12.61465
"2012-08-31 10:05:00",988,0,-1,12,0,0,0,0,-1,-1,12.61465
"2012-08-31 10:06:00",989,0,-1,11,0,0,0,0,-1,-1,12.61465
"2012-08-31 10:07:00",990,0,-1,10,0,0,0,0,-1,-1,12.61465
"2012-08-31 10:08:00",991,0,-1,9,0,0,0,0,-1,-1,12.61465
"2012-08-31 10:09:00",992,0,-1,8,0,0,0,0,-1,-1,12.61465
"2012-08-31 10:10:00",993,0,-1,7,0,0,0,0,-1,-1,12.61465
"2012-08-31 10:11:00",994,0,-1,6,0,0,0,0,-1,-1,12.61465
"2012-08-31 10:12:00",995,0,-1,5,0,0,0,0,-1,-1,12.60917
"2012-08-31 10:13:00",996,0,-1,4,0,0,0,0,-1,-1,12.60917
"2012-08-31 10:14:00",997,0,-1,3,0,0,0,0,-1,-1,12.60917
"2012-08-31 10:15:00",998,0,-1,2,0,0,0,0,-1,-1,12.60917
"2012-08-31 10:16:00",999,0,-1,1,0,0,0,0,-1,-1,12.60917
"2012-08-31 10:17:00",1000,0,0,0,-1,-1,0,0,-1,0,12.60917
"2012-08-31 10:18:00",1001,0,0,0,-1,0,0,0,0,0,12.60917
"2012-08-31 10:19:00",1002,0,0,0,-1,0,0,0,0,0,12.72963
"2012-08-31 10:20:00",1003,0,0,0,-1,0,0,0,0,0,12.75153
"2012-08-31 10:21:00",1004,0,0,0,-1,0,0,0,0,0,12.75153
"2012-08-31 10:22:00",1005,0,0,0,-1,0,0,0,0,0,12.76248
"2012-08-31 10:23:00",1006,0,0,0,-1,0,0,0,0,0,12.76795
"2012-08-31 10:24:00",1007,0,0,0,-1,0,0,0,0,0,12.76795
"2012-08-31 10:25:00",1008,0,0,0,-1,0,0,0,0,0,12.77343
"2012-08-31 10:26:00",1009,0,0,0,-1,0,0,0,0,0,12.77343
"2012-08-31 10:27:00",1010,0,0,0,-1,0,0,0,0,0,12.77343
"2012-08-31 10:28:00",1011,0,0,0,-1,0,0,0,0,0,12.77343
"2012-08-31 10:29:00",1012,0,0,0,-1,0,0,0,0,0,12.77343
"2012-08-31 10:30:00",1013,0,0,0,-1,0,0,0,0,0,12.77847
"2012-08-31 10:31:00",1014,0,0,0,-1,0,0,0,0,0,12.77308
"2012-08-31 10:32:00",1015,0,0,0,-1,0,0,0,0,0,12.77315
"2012-08-31 10:33:00",1016,0,0,0,-1,0,0,0,0,0,12.77315
"2012-08-31 10:34:00",1017,0,0,0,-1,0,0,0,0,0,12.72941
"2012-08-31 10:35:00",1018,0,0,0,-1,0,0,0,0,0,12.72945
"2012-08-31 10:36:00",1019,0,0,0,-1,0,0,0,0,0,12.72949
"2012-08-31 10:37:00",1020,0,0,0,-1,0,0,0,0,0,12.72404
"2012-08-31 10:38:00",1021,0,0,0,-1,0,0,0,0,0,12.71859
"2012-08-31 10:39:00",1022,0,0,0,-1,0,0,0,0,0,12.71859
"2012-08-31 10:40:00",1023,0,0,0,-1,0,0,0,0,0,12.71861
"2012-08-31 10:41:00",1024,0,0,0,-1,0,0,0,0,0,12.71819
"2012-08-31 10:42:00",1025,0,0,0,-1,0,0,0,0,0,12.71829
"2012-08-31 10:43:00",1026,0,0,0,-1,0,0,0,0,0,12.71794
"2012-08-31 10:44:00",1027,0,0,0,-1,0,0,0,0,0,12.72357
"2012-08-31 10:45:00",1028,0,0,0,-1,0,0,0,0,0,12.72357
"2012-08-31 10:46:00",1029,0,0,0,-1,0,0,0,0,0,12.72916
"2012-08-31 10:47:00",1030,0,0,0,-1,0,0,0,0,0,12.73473
"2012-08-31 10:48:00",1031,0,0,0,-1,0,0,0,0,0,12.72933
"2012-08-31 10:49:00",1032,0,0,0,-1,0,0,0,0,0,12.73486
"2012-08-31 10:50:00",1033,0,0,0,-1,0,0,0,0,0,12.74039
"2012-08-31 10:51:00",1034,0,0,0,-1,0,0,0,0,0,12.74039
"2012-08-31 10:52:00",1035,0,0,0,-1,0,0,0,0,0,12.77875
"2012-08-31 10:53:00",1036,0,0,0,-1,0,0,0,0,0,12.79521
"2012-08-31 10:54:00",1037,0,0,0,-1,0,0,0,0,0,12.80618
"2012-08-31 10:55:00",1038,0,0,0,-1,0,0,0,0,0,12.82263
"2012-08-31 10:56:00",1039,0,0,0,-1,0,0,0,0,0,12.82812
"2012-08-31 10:57:00",1040,0,0,0,-1,0,0,0,0,0,12.82812
"2012-08-31 10:58:00",1041,0,0,0,-1,0,0,0,0,0,12.82813
"2012-08-31 10:59:00",1042,0,0,0,-1,0,0,0,0,0,12.82814
"2012-08-31 11:00:00",1043,0,0,0,-1,0,0,0,0,0,12.82815
"2012-08-31 11:01:00",1044,0,0,0,-1,0,0,0,0,0,12.83363
"2012-08-31 11:02:00",1045,0,0,0,-1,0,0,0,0,0,12.83364
"2012-08-31 11:03:00",1046,0,0,0,-1,0,0,0,0,0,12.83364
"2012-08-31 11:04:00",1047,0,0,0,-1,0,0,0,0,0,12.81722
"2012-08-31 11:05:00",1048,0,0,0,-1,0,0,0,0,0,12.82269
"2012-08-31 11:06:00",1049,0,0,0,-1,0,0,0,0,0,12.82817
"2012-08-31 11:07:00",1050,0,0,0,-1,0,0,0,0,0,12.83912
"2012-08-31 11:08:00",1051,0,0,0,-1,0,0,0,0,0,12.83912
"2012-08-31 11:09:00",1052,0,0,0,-1,0,0,0,0,0,12.83912
"2012-08-31 11:10:00",1053,0,0,0,-1,0,0,0,0,0,12.8446
"2012-08-31 11:11:00",1054,0,0,0,-1,0,0,0,0,0,12.85008
"2012-08-31 11:12:00",1055,0,0,0,-1,0,0,0,0,0,12.85008
"2012-08-31 11:13:00",1056,0,0,0,-1,0,0,0,0,0,12.86103
"2012-08-31 11:14:00",1057,0,0,0,-1,0,0,0,0,0,12.8665
"2012-08-31 11:15:00",1058,0,0,0,-1,0,0,0,0,0,12.8665
"2012-08-31 11:16:00",1059,0,0,0,-1,0,0,0,0,0,12.87745
"2012-08-31 11:17:00",1060,0,0,0,-1,0,0,0,0,0,12.8825
"2012-08-31 11:18:00",1061,0,0,0,-1,0,0,0,0,0,12.85521
"2012-08-31 11:19:00",1062,0,0,0,-1,0,0,0,0,0,12.87127
"2012-08-31 11:20:00",1063,0,0,0,-1,0,0,0,0,0,12.87646
"2012-08-31 11:21:00",1064,0,0,0,-1,0,0,0,0,0,12.87646
"2012-08-31 11:22:00",1065,0,0,0,-1,0,0,0,0,0,12.8817
"2012-08-31 11:23:00",1066,0,0,0,-1,0,0,0,0,0,12.88151
"2012-08-31 11:24:00",1067,0,0,0,-1,0,0,0,0,0,12.88136
"2012-08-31 11:25:00",1068,0,0,0,-1,0,0,0,0,0,12.89767
"2012-08-31 11:26:00",1069,0,0,0,-1,0,0,0,0,0,12.89167
"2012-08-31 11:27:00",1070,0,0,0,-1,0,0,0,0,0,12.89167
"2012-08-31 11:28:00",1071,0,0,0,-1,0,0,0,0,0,12.8862
"2012-08-31 11:29:00",1072,0,0,0,-1,0,0,0,0,0,12.88074
"2012-08-31 11:30:00",1073,0,0,0,-1,0,0,0,0,0,12.87527
"2012-08-31 11:31:00",1074,0,0,0,-1,0,0,0,0,0,12.87527
"2012-08-31 11:32:00",1075,0,0,0,-1,0,0,0,0,0,12.88075
"2012-08-31 11:33:00",1076,0,0,0,-1,0,0,0,0,0,12.88075
"2012-08-31 11:34:00",1077,0,0,0,-1,0,0,0,0,0,12.8639
"2012-08-31 11:35:00",1078,0,0,0,-1,0,0,0,0,0,12.86903
"2012-08-31 11:36:00",1079,0,0,0,-1,0,0,0,0,0,12.89065
"2012-08-31 11:37:00",1080,0,0,0,-1,0,0,0,0,0,12.8959
"2012-08-31 11:38:00",1081,0,0,0,-1,0,0,0,0,0,12.9231
"2012-08-31 11:39:00",1082,0,0,0,-1,0,0,0,0,0,12.9231
"2012-08-31 11:40:00",1083,0,0,0,-1,0,0,0,0,0,12.93937
"2012-08-31 11:41:00",1084,0,0,0,-1,0,0,0,0,0,12.94474
"2012-08-31 11:42:00",1085,0,0,0,-1,0,0,0,0,0,12.95559
"2012-08-31 11:43:00",1086,0,0,0,-1,0,0,0,0,0,12.96099
"2012-08-31 11:44:00",1087,0,0,0,-1,0,0,0,0,0,12.97736
"2012-08-31 11:45:00",1088,0,0,0,-1,0,0,0,0,0,12.97736
"2012-08-31 11:46:00",1089,0,0,0,-1,0,0,0,0,0,13.01562
"2012-08-31 11:47:00",1090,0,0,0,-1,0,0,0,0,0,13.08127
"2012-08-31 11:48:00",1091,0,0,0,-1,0,0,0,0,0,13.11408
"2012-08-31 11:49:00",1092,0,0,0,-1,0,0,0,0,0,13.15784
"2012-08-31 11:50:00",1093,0,0,0,-1,0,0,0,0,0,13.16329
"2012-08-31 11:51:00",1094,0,0,0,-1,0,0,0,0,0,13.16329
"2012-08-31 11:52:00",1095,0,0,0,-1,0,0,0,0,0,13.20159
"2012-08-31 11:53:00",1096,0,0,0,-1,0,0,0,0,0,13.25084
"2012-08-31 11:54:00",1097,0,0,0,-1,0,0,0,0,0,13.27819
"2012-08-31 11:55:00",1098,0,0,0,-1,0,0,0,0,0,13.30555
"2012-08-31 11:56:00",1099,0,0,0,-1,0,0,0,0,0,13.3548
"2012-08-31 11:57:00",1100,0,0,0,-1,0,0,0,0,0,13.3548
"2012-08-31 11:58:00",1101,0,0,0,-1,0,0,0,0,0,13.38217
"2012-08-31 11:59:00",1102,0,0,0,-1,0,0,0,0,0,13.40953
"2012-08-31 12:00:00",1103,0,0,0,-1,0,0,0,0,0,13.43142
"2012-08-31 12:01:00",1104,0,0,0,-1,0,0,0,0,0,13.45331
"2012-08-31 12:02:00",1105,0,0,0,-1,0,0,0,0,0,13.46973
"2012-08-31 12:03:00",1106,0,0,0,-1,0,0,0,0,0,13.46973
"2012-08-31 12:04:00",1107,0,0,0,-1,0,0,0,0,0,13.46972
"2012-08-31 12:05:00",1108,0,0,0,-1,0,0,0,0,0,13.49162
"2012-08-31 12:06:00",1109,0,0,0,-1,0,0,0,0,0,13.50256
"2012-08-31 12:07:00",1110,0,0,0,-1,0,0,0,0,0,13.52445
"2012-08-31 12:08:00",1111,0,0,0,-1,0,0,0,0,0,13.54087
"2012-08-31 12:09:00",1112,0,0,0,-1,0,0,0,0,0,13.54087
"2012-08-31 12:10:00",1113,0,0,0,-1,0,0,0,0,0,13.55684
"2012-08-31 12:11:00",1114,0,0,0,-1,0,0,0,0,0,13.56787
"2012-08-31 12:12:00",1115,0,0,0,-1,0,0,0,0,0,13.57889
"2012-08-31 12:13:00",1116,0,0,0,-1,0,0,0,0,0,13.57302
"2012-08-31 12:14:00",1117,0,0,0,-1,0,0,0,0,0,13.62196
"2012-08-31 12:15:00",1118,0,0,0,-1,0,0,0,0,0,13.62196
"2012-08-31 12:16:00",1119,0,0,0,-1,0,0,0,0,0,13.63858
"2012-08-31 12:17:00",1120,0,0,0,-1,0,0,0,0,0,13.63281
"2012-08-31 12:18:00",1121,0,0,0,-1,0,0,0,0,0,13.61114
"2012-08-31 12:19:00",1122,0,0,0,-1,0,0,0,0,0,13.59991
"2012-08-31 12:20:00",1123,0,0,0,-1,0,0,0,0,0,13.61611
"2012-08-31 12:21:00",1124,0,0,0,-1,0,0,0,0,0,13.61611
"2012-08-31 12:22:00",1125,0,0,0,-1,0,0,0,0,0,13.6214
"2012-08-31 12:23:00",1126,0,0,0,-1,0,0,0,0,0,13.62125
"2012-08-31 12:24:00",1127,0,0,0,-1,0,0,0,0,0,13.57736
"2012-08-31 12:25:00",1128,0,0,0,-1,0,0,0,0,0,13.47876
"2012-08-31 12:26:00",1129,0,0,0,-1,0,0,0,0,0,13.36879
"2012-08-31 12:27:00",1130,0,0,0,-1,0,0,0,0,0,13.36879
"2012-08-31 12:28:00",1131,0,0,0,-1,0,0,0,0,0,13.39026
"2012-08-31 12:29:00",1132,0,0,0,-1,0,0,0,0,0,13.37351
"2012-08-31 12:30:00",1133,0,0,0,-1,0,0,0,0,0,13.32947
"2012-08-31 12:31:00",1134,0,0,0,-1,0,0,0,0,0,13.3785
"2012-08-31 12:32:00",1135,0,0,0,-1,0,0,0,0,0,13.3072
"2012-08-31 12:33:00",1136,0,0,0,-1,0,0,0,0,0,13.3072
"2012-08-31 12:34:00",1137,0,0,0,-1,0,0,0,0,0,13.40555
"2012-08-31 12:35:00",1138,0,0,0,-1,0,0,0,0,0,13.50393
"2012-08-31 12:36:00",1139,0,0,0,-1,0,0,0,0,0,13.54215
"2012-08-31 12:37:00",1140,0,0,0,-1,0,0,0,0,0,13.59679
"2012-08-31 12:38:00",1141,0,0,0,-1,0,0,0,0,0,13.61315
"2012-08-31 12:39:00",1142,0,0,0,-1,0,0,0,0,0,13.61315
"2012-08-31 12:40:00",1143,0,0,0,-1,0,0,0,0,0,13.61857
"2012-08-31 12:41:00",1144,0,0,0,-1,0,0,0,0,0,13.61307
"2012-08-31 12:42:00",1145,0,0,0,-1,0,0,0,0,0,13.59115
"2012-08-31 12:43:00",1146,0,0,0,-1,0,0,0,0,0,13.52547
"2012-08-31 12:44:00",1147,0,0,0,-1,0,0,0,0,0,13.61299
"2012-08-31 12:45:00",1148,0,0,0,-1,0,0,0,0,0,13.61299
"2012-08-31 12:46:00",1149,0,0,0,-1,0,0,0,0,0,13.59657
"2012-08-31 12:47:00",1150,0,0,0,-1,0,0,0,0,0,13.59655
"2012-08-31 12:48:00",1151,0,0,0,-1,0,0,0,0,0,13.59654
"2012-08-31 12:49:00",1152,0,0,0,-1,0,0,0,0,0,13.59654
"2012-08-31 12:50:00",1153,0,0,0,-1,0,0,0,0,0,13.59653
"2012-08-31 12:51:00",1154,0,0,0,-1,0,0,0,0,0,13.59653
"2012-08-31 12:52:00",1155,0,0,0,-1,0,0,0,0,0,13.59653
"2012-08-31 12:53:00",1156,0,0,0,-1,0,0,0,0,0,13.60154
"2012-08-31 12:54:00",1157,0,0,0,-1,0,0,0,0,0,13.58521
"2012-08-31 12:55:00",1158,0,0,0,-1,0,0,0,0,0,13.56294
"2012-08-31 12:56:00",1159,0,0,0,-1,0,0,0,0,0,13.57905
"2012-08-31 12:57:00",1160,0,0,0,-1,0,0,0,0,0,13.57905
"2012-08-31 12:58:00",1161,0,0,0,-1,0,0,0,0,0,13.58427
"2012-08-31 12:59:00",1162,0,0,0,-1,0,0,0,0,0,13.56219
"2012-08-31 13:00:00",1163,0,0,0,-1,0,0,0,0,0,13.58391
"2012-08-31 13:01:00",1164,0,0,0,-1,0,0,0,0,0,13.57285
"2012-08-31 13:02:00",1165,0,0,0,-1,0,0,0,0,0,13.58369
"2012-08-31 13:03:00",1166,0,0,0,-1,0,0,0,0,0,13.58369
"2012-08-31 13:04:00",1167,0,0,0,-1,0,0,0,0,0,13.57814
"2012-08-31 13:05:00",1168,0,0,0,-1,0,0,0,0,0,13.56713
"2012-08-31 13:06:00",1169,0,0,0,-1,0,0,0,0,0,13.56161
"2012-08-31 13:07:00",1170,0,0,0,-1,0,0,0,0,0,13.56157
"2012-08-31 13:08:00",1171,0,0,0,-1,0,0,0,0,0,13.57248
"2012-08-31 13:09:00",1172,0,0,0,-1,0,0,0,0,0,13.57248
"2012-08-31 13:10:00",1173,0,0,0,-1,0,0,0,0,0,13.57792
"2012-08-31 13:11:00",1174,0,0,0,-1,0,0,0,0,0,13.57243
"2012-08-31 13:12:00",1175,0,0,0,-1,0,0,0,0,0,13.56101
"2012-08-31 13:13:00",1176,0,0,0,-1,0,0,0,0,0,13.57705
"2012-08-31 13:14:00",1177,0,0,0,-1,0,0,0,0,0,13.56079
"2012-08-31 13:15:00",1178,0,0,0,-1,0,0,0,0,0,13.56079
"2012-08-31 13:16:00",1179,0,0,0,-1,0,0,0,0,0,13.56592
"2012-08-31 13:17:00",1180,0,0,0,-1,0,0,0,0,0,13.5766
"2012-08-31 13:18:00",1181,0,0,0,-1,0,0,0,0,0,13.56544
"2012-08-31 13:19:00",1182,0,0,0,-1,0,0,0,0,0,13.57074
"2012-08-31 13:20:00",1183,0,0,0,-1,0,0,0,0,0,13.57061
"2012-08-31 13:21:00",1184,0,0,0,-1,0,0,0,0,0,13.57061
"2012-08-31 13:22:00",1185,0,0,0,-1,0,0,0,0,0,13.58144
"2012-08-31 13:23:00",1186,0,0,0,-1,0,0,0,0,0,13.55947
"2012-08-31 13:24:00",1187,0,0,0,-1,0,0,0,0,0,13.57034
"2012-08-31 13:25:00",1188,0,0,0,-1,0,0,0,0,0,13.56482
"2012-08-31 13:26:00",1189,0,0,0,-1,0,0,0,0,0,13.58118
"2012-08-31 13:27:00",1190,0,0,0,-1,0,0,0,0,0,13.58118
"2012-08-31 13:28:00",1191,0,0,0,-1,0,0,0,0,0,13.57567
"2012-08-31 13:29:00",1192,0,0,0,-1,0,0,0,0,0,13.5205
"2012-08-31 13:30:00",1193,0,0,0,-1,0,0,0,0,0,13.53105
"2012-08-31 13:31:00",1194,0,0,0,-1,0,0,0,0,0,13.54715
"2012-08-31 13:32:00",1195,0,0,0,-1,0,0,0,0,0,13.53596
"2012-08-31 13:33:00",1196,0,0,0,-1,0,0,0,0,0,13.53596
"2012-08-31 13:34:00",1197,0,0,0,-1,0,0,0,0,0,13.53576
"2012-08-31 13:35:00",1198,0,0,0,-1,0,0,0,0,0,13.54654
"2012-08-31 13:36:00",1199,0,0,0,-1,0,0,0,0,0,13.54642
"2012-08-31 13:37:00",1200,0,0,0,-1,0,0,0,0,0,13.52444
"2012-08-31 13:38:00",1201,0,0,0,-1,0,0,0,0,0,13.49155
"2012-08-31 13:39:00",1202,0,0,0,-1,0,0,0,0,0,13.49155
"2012-08-31 13:40:00",1203,0,0,0,-1,0,0,0,0,0,13.49148
"2012-08-31 13:41:00",1204,0,0,0,-1,0,0,0,0,0,13.46956
"2012-08-31 13:42:00",1205,0,0,0,-1,0,0,0,0,0,13.45858
"2012-08-31 13:43:00",1206,0,0,0,-1,0,0,0,0,0,13.37104
"2012-08-31 13:44:00",1207,0,0,0,-1,0,0,0,0,0,13.41522
"2012-08-31 13:45:00",1208,0,0,0,-1,0,0,0,0,0,13.41522
"2012-08-31 13:46:00",1209,0,0,0,-1,0,0,0,0,0,13.39323
"2012-08-31 13:47:00",1210,0,0,0,-1,0,0,0,0,0,13.3658
"2012-08-31 13:48:00",1211,0,0,0,-1,0,0,0,0,0,13.31104
"2012-08-31 13:49:00",1212,0,0,0,-1,0,0,0,0,0,13.33286
"2012-08-31 13:50:00",1213,0,0,0,-1,0,0,0,0,0,13.36016
"2012-08-31 13:51:00",1214,0,0,0,-1,0,0,0,0,0,13.36016
"2012-08-31 13:52:00",1215,0,0,0,-1,0,0,0,0,0,13.41481
"2012-08-31 13:53:00",1216,0,0,0,-1,0,0,0,0,0,13.49681
"2012-08-31 13:54:00",1217,0,0,0,-1,0,0,0,0,0,13.56788
"2012-08-31 13:55:00",1218,0,0,0,-1,0,0,0,0,0,13.57925
"2012-08-31 13:56:00",1219,0,0,0,-1,0,0,0,0,0,13.56821
"2012-08-31 13:57:00",1220,0,0,0,-1,0,0,0,0,0,13.56821
"2012-08-31 13:58:00",1221,0,0,0,-1,0,0,0,0,0,13.57906
"2012-08-31 13:59:00",1222,0,0,0,-1,0,0,0,0,0,13.56806
"2012-08-31 14:00:00",1223,0,0,0,-1,0,0,0,0,0,13.52425
"2012-08-31 14:01:00",1224,0,0,0,-1,0,0,0,0,0,13.5078
"2012-08-31 14:02:00",1225,0,0,0,-1,0,0,0,0,0,13.47496
"2012-08-31 14:03:00",1226,0,0,0,-1,0,0,0,0,0,13.47496
"2012-08-31 14:04:00",1227,0,0,0,-1,0,0,0,0,0,13.57337
"2012-08-31 14:05:00",1228,0,0,0,-1,0,0,0,0,0,13.43116
"2012-08-31 14:06:00",1229,0,0,0,-1,0,0,0,0,0,13.44754
"2012-08-31 14:07:00",1230,0,0,0,-1,0,0,0,0,0,13.46394
"2012-08-31 14:08:00",1231,0,0,0,-1,0,0,0,0,0,13.46393
"2012-08-31 14:09:00",1232,0,0,0,-1,0,0,0,0,0,13.46393
"2012-08-31 14:10:00",1233,0,0,0,-1,0,0,0,0,0,13.55734
"2012-08-31 14:11:00",1234,0,0,0,-1,0,0,0,0,0,13.55177
"2012-08-31 14:12:00",1235,0,0,0,-1,0,0,0,0,0,13.57357
"2012-08-31 14:13:00",1236,0,0,0,-1,0,0,0,0,0,13.56257
"2012-08-31 14:14:00",1237,0,0,0,-1,0,0,0,0,0,13.56252
"2012-08-31 14:15:00",1238,0,0,0,-1,0,0,0,0,0,13.56252
"2012-08-31 14:16:00",1239,0,0,0,-1,0,0,0,0,0,13.5684
"2012-08-31 14:17:00",1240,0,0,0,-1,0,0,0,0,0,13.56281
"2012-08-31 14:18:00",1241,0,0,0,-1,0,0,0,0,0,13.5577
"2012-08-31 14:19:00",1242,0,0,0,-1,0,0,0,0,0,13.55798
"2012-08-31 14:20:00",1243,0,0,0,-1,0,0,0,0,0,13.55274
"2012-08-31 14:21:00",1244,0,0,0,-1,0,0,0,0,0,13.55274
"2012-08-31 14:22:00",1245,0,0,0,-1,0,0,0,0,0,13.56888
"2012-08-31 14:23:00",1246,0,0,0,-1,0,0,0,0,0,13.57413
"2012-08-31 14:24:00",1247,0,0,0,-1,0,0,0,0,0,13.558
"2012-08-31 14:25:00",1248,0,0,0,-1,0,0,0,0,0,13.55777
"2012-08-31 14:26:00",1249,0,0,0,-1,0,0,0,0,0,13.56852
"2012-08-31 14:27:00",1250,0,0,0,-1,0,0,0,0,0,13.56852
"2012-08-31 14:28:00",1251,0,0,0,-1,0,0,0,0,0,13.55789
"2012-08-31 14:29:00",1252,0,0,0,-1,0,0,0,0,0,13.56908
"2012-08-31 14:30:00",1253,0,0,0,-1,0,0,0,0,0,13.56927
"2012-08-31 14:31:00",1254,0,0,0,-1,0,0,0,0,0,13.55849
"2012-08-31 14:32:00",1255,0,0,0,-1,0,0,0,0,0,13.57503
"2012-08-31 14:33:00",1256,0,0,0,-1,0,0,0,0,0,13.57503
"2012-08-31 14:34:00",1257,0,0,0,-1,0,0,0,0,0,13.56966
"2012-08-31 14:35:00",1258,0,0,0,-1,0,0,0,0,0,13.54786
"2012-08-31 14:36:00",1259,0,0,0,-1,0,0,0,0,0,13.52058
"2012-08-31 14:37:00",1260,0,0,0,-1,0,0,0,0,0,13.52063
"2012-08-31 14:38:00",1261,0,0,0,-1,0,0,0,0,0,13.5152
"2012-08-31 14:39:00",1262,0,0,0,-1,0,0,0,0,0,13.5152
"2012-08-31 14:40:00",1263,0,0,0,-1,0,0,0,0,0,13.53711
"2012-08-31 14:41:00",1264,0,0,0,-1,0,0,0,0,0,13.57543
"2012-08-31 14:42:00",1265,0,0,0,-1,0,0,0,0,0,13.55904
"2012-08-31 14:43:00",1266,0,0,0,-1,0,0,0,0,0,13.55905
"2012-08-31 14:44:00",1267,0,0,0,-1,0,0,0,0,0,13.55907
"2012-08-31 14:45:00",1268,0,0,0,-1,0,0,0,0,0,13.55907
"2012-08-31 14:46:00",1269,0,0,0,-1,0,0,0,0,0,13.57002
"2012-08-31 14:47:00",1270,0,0,0,-1,0,0,0,0,0,13.55362
"2012-08-31 14:48:00",1271,0,0,0,-1,0,0,0,0,0,13.52628
"2012-08-31 14:49:00",1272,0,0,0,-1,0,0,0,0,0,13.51534
"2012-08-31 14:50:00",1273,0,0,0,-1,0,0,0,0,0,13.49347
"2012-08-31 14:51:00",1274,0,0,0,-1,0,0,0,0,0,13.49347
"2012-08-31 14:52:00",1275,0,0,0,-1,0,0,0,0,0,13.48253
"2012-08-31 14:53:00",1276,0,0,0,-1,0,0,0,0,0,13.45519
"2012-08-31 14:54:00",1277,0,0,0,-1,0,0,0,0,0,13.39503
"2012-08-31 14:55:00",1278,0,0,0,-1,0,0,0,0,0,13.38409
"2012-08-31 14:56:00",1279,0,0,0,-1,0,0,0,0,0,13.36221
"2012-08-31 14:57:00",1280,0,0,0,-1,0,0,0,0,0,13.36221
"2012-08-31 14:58:00",1281,0,0,0,-1,0,0,0,0,0,13.32939
"2012-08-31 14:59:00",1282,0,0,0,-1,0,0,0,0,0,13.30205
